  0.1000E-05   0.2448E+01   0.1074E-07   4.872   0.8100E+00   0.6663E+00 *******
  0.1042E-05   0.2448E+01   0.1556E-07   4.888   0.8190E+00   0.6636E+00 *******
  0.1086E-05   0.2448E+01   0.1975E-07   4.922   0.8370E+00   0.6581E+00 *******
  0.1132E-05   0.2448E+01   0.2493E-07   4.937   0.8460E+00   0.6556E+00 *******
  0.1180E-05   0.2448E+01   0.3462E-07   4.955   0.8550E+00   0.6527E+00 *******
  0.1230E-05   0.2448E+01   0.4302E-07   4.971   0.8640E+00   0.6501E+00 *******
  0.1282E-05   0.2448E+01   0.5660E-07   4.987   0.8730E+00   0.6476E+00 *******
  0.1337E-05   0.2448E+01   0.7591E-07   5.004   0.8820E+00   0.6449E+00 *******
  0.1393E-05   0.2448E+01   0.9258E-07   5.020   0.8910E+00   0.6423E+00 *******
  0.1452E-05   0.2448E+01   0.1260E-06   5.036   0.9000E+00   0.6398E+00 *******
  0.1514E-05   0.2448E+01   0.1640E-06   5.036   0.9000E+00   0.6398E+00 *******
  0.1578E-05   0.2448E+01   0.1966E-06   5.036   0.9000E+00   0.6398E+00 *******
  0.1644E-05   0.2448E+01   0.2751E-06   5.052   0.9090E+00   0.6371E+00 *******
  0.1714E-05   0.2448E+01   0.3491E-06   5.052   0.9090E+00   0.6371E+00 *******
  0.1786E-05   0.2448E+01   0.4256E-06   5.069   0.9180E+00   0.6345E+00 *******
  0.1862E-05   0.2448E+01   0.5905E-06   5.084   0.9270E+00   0.6320E+00 *******
  0.1941E-05   0.2448E+01   0.7334E-06   5.100   0.9360E+00   0.6295E+00 *******
  0.2023E-05   0.2448E+01   0.9315E-06   5.116   0.9450E+00   0.6270E+00 *******
  0.2109E-05   0.2448E+01   0.1245E-05   5.100   0.9360E+00   0.6295E+00 *******
  0.2198E-05   0.2448E+01   0.1516E-05   5.100   0.9360E+00   0.6295E+00 *******
  0.2291E-05   0.2448E+01   0.1989E-05   5.100   0.9360E+00   0.6295E+00 *******
  0.2388E-05   0.2448E+01   0.2581E-05   5.116   0.9450E+00   0.6270E+00 *******
  0.2489E-05   0.2448E+01   0.3091E-05   5.133   0.9540E+00   0.6244E+00 *******
  0.2594E-05   0.2448E+01   0.4166E-05   5.148   0.9630E+00   0.6221E+00 *******
  0.2704E-05   0.2448E+01   0.5269E-05   5.180   0.9810E+00   0.6170E+00 *******
  0.2818E-05   0.2448E+01   0.6214E-05   5.195   0.9900E+00   0.6148E+00 *******
  0.2938E-05   0.2448E+01   0.8544E-05   5.195   0.9900E+00   0.6148E+00 *******
  0.3062E-05   0.2448E+01   0.1056E-04   5.211   0.9990E+00   0.6123E+00 *******
  0.3192E-05   0.2448E+01   0.1294E-04   5.211   0.9990E+00   0.6123E+00 *******
  0.3327E-05   0.2448E+01   0.1716E-04   5.211   0.9990E+00   0.6123E+00 *******
  0.3467E-05   0.2448E+01   0.2079E-04   5.226   0.1008E+01   0.6100E+00 *******
  0.3614E-05   0.2448E+01   0.2627E-04   5.226   0.1008E+01   0.6100E+00 *******
  0.3767E-05   0.2448E+01   0.3379E-04   5.242   0.1017E+01   0.6075E+00 *******
  0.3926E-05   0.2448E+01   0.4025E-04   5.258   0.1026E+01   0.6051E+00 *******
  0.4093E-05   0.2448E+01   0.5207E-04   5.272   0.1035E+01   0.6030E+00 *******
  0.4266E-05   0.2448E+01   0.6525E-04   5.288   0.1044E+01   0.6006E+00 *******
  0.4446E-05   0.2448E+01   0.7654E-04   5.288   0.1044E+01   0.6006E+00 *******
  0.4634E-05   0.2448E+01   0.1008E-03   5.304   0.1053E+01   0.5981E+00 *******
  0.4831E-05   0.2448E+01   0.1235E-03   5.304   0.1053E+01   0.5981E+00 *******
  0.5035E-05   0.2448E+01   0.1461E-03   5.319   0.1062E+01   0.5959E+00 *******
  0.5248E-05   0.2448E+01   0.1905E-03   5.319   0.1062E+01   0.5959E+00 *******
  0.5470E-05   0.2448E+01   0.2288E-03   5.334   0.1071E+01   0.5936E+00 *******
  0.5702E-05   0.2448E+01   0.2782E-03   5.349   0.1080E+01   0.5913E+00 *******
  0.5943E-05   0.2448E+01   0.3522E-03   5.364   0.1089E+01   0.5890E+00 *******
  0.6194E-05   0.2448E+01   0.4158E-03   5.364   0.1089E+01   0.5890E+00 *******
  0.6457E-05   0.2448E+01   0.5158E-03   5.378   0.1098E+01   0.5869E+00 *******
  0.6730E-05   0.2448E+01   0.6367E-03   5.393   0.1107E+01   0.5848E+00 *******
  0.7015E-05   0.2448E+01   0.7401E-03   5.409   0.1116E+01   0.5824E+00 *******
  0.7311E-05   0.2448E+01   0.9318E-03   5.424   0.1125E+01   0.5802E+00 *******
  0.7621E-05   0.2448E+01   0.1125E-02   5.437   0.1134E+01   0.5782E+00 *******
  0.7943E-05   0.2448E+01   0.1290E-02   5.452   0.1143E+01   0.5760E+00 *******
  0.8279E-05   0.2448E+01   0.1640E-02   5.467   0.1152E+01   0.5737E+00 *******
  0.8630E-05   0.2448E+01   0.1943E-02   5.481   0.1161E+01   0.5717E+00 *******
  0.8995E-05   0.2448E+01   0.2277E-02   5.496   0.1170E+01   0.5696E+00 *******
  0.9376E-05   0.2448E+01   0.2817E-02   5.510   0.1179E+01   0.5675E+00 *******
  0.9772E-05   0.2447E+01   0.3281E-02   5.524   0.1188E+01   0.5654E+00 *******
  0.1019E-04   0.2447E+01   0.3907E-02   5.539   0.1197E+01   0.5633E+00 *******
  0.1062E-04   0.2447E+01   0.4719E-02   5.553   0.1206E+01   0.5613E+00 *******
  0.1107E-04   0.2447E+01   0.5413E-02   5.568   0.1215E+01   0.5591E+00 *******
  0.1153E-04   0.2447E+01   0.6518E-02   5.568   0.1215E+01   0.5591E+00 *******
  0.1202E-04   0.2447E+01   0.7712E-02   5.568   0.1215E+01   0.5591E+00 *******
  0.1253E-04   0.2447E+01   0.8726E-02   5.553   0.1206E+01   0.5613E+00 *******
  0.1306E-04   0.2447E+01   0.1058E-01   5.539   0.1197E+01   0.5633E+00 *******
  0.1361E-04   0.2447E+01   0.1230E-01   5.539   0.1197E+01   0.5633E+00 *******
  0.1419E-04   0.2446E+01   0.1393E-01   5.524   0.1188E+01   0.5654E+00 *******
  0.1479E-04   0.2446E+01   0.1674E-01   5.524   0.1188E+01   0.5654E+00 *******
  0.1542E-04   0.2446E+01   0.1914E-01   5.524   0.1188E+01   0.5654E+00 *******
  0.1607E-04   0.2445E+01   0.2194E-01   5.539   0.1197E+01   0.5633E+00 *******
  0.1675E-04   0.2445E+01   0.2579E-01   5.581   0.1224E+01   0.5572E+00 *******
  0.1746E-04   0.2445E+01   0.2906E-01   5.609   0.1242E+01   0.5532E+00 *******
  0.1820E-04   0.2444E+01   0.3357E-01   5.624   0.1251E+01   0.5511E+00 *******
  0.1897E-04   0.2443E+01   0.3874E-01   5.624   0.1251E+01   0.5511E+00 *******
  0.1977E-04   0.2443E+01   0.4311E-01   5.624   0.1251E+01   0.5511E+00 *******
  0.2061E-04   0.2442E+01   0.5001E-01   5.624   0.1251E+01   0.5511E+00 *******
  0.2148E-04   0.2441E+01   0.5676E-01   5.638   0.1260E+01   0.5491E+00 *******
  0.2239E-04   0.2440E+01   0.6243E-01   5.651   0.1269E+01   0.5472E+00 *******
  0.2333E-04   0.2439E+01   0.7253E-01   5.679   0.1287E+01   0.5432E+00 *******
  0.2432E-04   0.2438E+01   0.8113E-01   5.706   0.1305E+01   0.5394E+00 *******
  0.2535E-04   0.2436E+01   0.8989E-01   5.734   0.1323E+01   0.5355E+00 *******
  0.2642E-04   0.2435E+01   0.1025E+00   5.746   0.1332E+01   0.5338E+00 *******
  0.2754E-04   0.2433E+01   0.1132E+00   5.773   0.1350E+01   0.5300E+00 *******
  0.2871E-04   0.2431E+01   0.1260E+00   5.786   0.1359E+01   0.5282E+00 *******
  0.2992E-04   0.2428E+01   0.1413E+00   5.801   0.1368E+01   0.5262E+00 *******
  0.3119E-04   0.2426E+01   0.1542E+00   5.814   0.1377E+01   0.5243E+00 *******
  0.3251E-04   0.2423E+01   0.1720E+00   5.826   0.1386E+01   0.5228E+00 *******
  0.3388E-04   0.2420E+01   0.1902E+00   5.839   0.1395E+01   0.5209E+00 *******
  0.3532E-04   0.2417E+01   0.2054E+00   5.853   0.1404E+01   0.5190E+00 *******
  0.3681E-04   0.2413E+01   0.2289E+00   5.865   0.1413E+01   0.5174E+00 *******
  0.3837E-04   0.2409E+01   0.2500E+00   5.879   0.1422E+01   0.5154E+00 *******
  0.3999E-04   0.2404E+01   0.2690E+00   5.904   0.1440E+01   0.5121E+00 *******
  0.4169E-04   0.2399E+01   0.2975E+00   5.930   0.1458E+01   0.5086E+00 *******
  0.4345E-04   0.2394E+01   0.3212E+00   5.956   0.1476E+01   0.5051E+00 *******
  0.4529E-04   0.2388E+01   0.3462E+00   5.981   0.1494E+01   0.5017E+00 *******
  0.4721E-04   0.2382E+01   0.3777E+00   5.992   0.1503E+01   0.5002E+00 *******
  0.4920E-04   0.2375E+01   0.4037E+00   6.018   0.1521E+01   0.4967E+00 *******
  0.5129E-04   0.2368E+01   0.4352E+00   6.030   0.1530E+01   0.4951E+00 *******
  0.5346E-04   0.2360E+01   0.4691E+00   6.042   0.1539E+01   0.4935E+00 *******
  0.5572E-04   0.2352E+01   0.4968E+00   6.055   0.1548E+01   0.4918E+00 *******
  0.5808E-04   0.2343E+01   0.5348E+00   6.078   0.1566E+01   0.4888E+00 *******
  0.6053E-04   0.2333E+01   0.5704E+00   6.104   0.1584E+01   0.4854E+00 *******
  0.6310E-04   0.2323E+01   0.5989E+00   6.126   0.1602E+01   0.4824E+00 *******
  0.6577E-04   0.2312E+01   0.6432E+00   6.163   0.1629E+01   0.4777E+00 *******
  0.6855E-04   0.2301E+01   0.6795E+00   6.196   0.1656E+01   0.4733E+00 *******
  0.7145E-04   0.2288E+01   0.7134E+00   6.231   0.1683E+01   0.4688E+00 963.676
  0.7447E-04   0.2275E+01   0.7580E+00   6.251   0.1692E+01   0.4672E+00 928.194
  0.7762E-04   0.2262E+01   0.7940E+00   6.270   0.1701E+01   0.4658E+00 895.663
  0.8091E-04   0.2248E+01   0.8327E+00   6.289   0.1710E+01   0.4644E+00 863.921
  0.8433E-04   0.2233E+01   0.8763E+00   6.330   0.1728E+01   0.4614E+00 801.006
  0.8790E-04   0.2217E+01   0.9107E+00   6.350   0.1737E+01   0.4600E+00 771.795
  0.9162E-04   0.2200E+01   0.9533E+00   6.389   0.1755E+01   0.4571E+00 717.437
  0.9550E-04   0.2183E+01   0.9947E+00   6.450   0.1782E+01   0.4530E+00 641.958
  0.9954E-04   0.2165E+01   0.1026E+01   6.489   0.1800E+01   0.4502E+00 597.500
  0.1038E-03   0.2147E+01   0.1072E+01   6.531   0.1818E+01   0.4475E+00 553.846
  0.1081E-03   0.2128E+01   0.1110E+01   6.572   0.1836E+01   0.4449E+00 515.375
  0.1127E-03   0.2108E+01   0.1141E+01   6.592   0.1845E+01   0.4433E+00 496.952
  0.1175E-03   0.2087E+01   0.1185E+01   6.634   0.1863E+01   0.4407E+00 461.469
  0.1225E-03   0.2066E+01   0.1218E+01   6.664   0.1881E+01   0.4383E+00 437.394
  0.1276E-03   0.2044E+01   0.1250E+01   6.696   0.1899E+01   0.4356E+00 413.196
  0.1330E-03   0.2021E+01   0.1289E+01   6.738   0.1917E+01   0.4331E+00 383.944
  0.1387E-03   0.1998E+01   0.1317E+01   6.780   0.1935E+01   0.4306E+00 356.744
  0.1445E-03   0.1974E+01   0.1349E+01   6.824   0.1953E+01   0.4281E+00 330.599
  0.1507E-03   0.1950E+01   0.1381E+01   6.866   0.1971E+01   0.4254E+00 307.853
  0.1570E-03   0.1925E+01   0.1403E+01   6.910   0.1989E+01   0.4231E+00 285.493
  0.1637E-03   0.1900E+01   0.1434E+01   6.953   0.2007E+01   0.4207E+00 265.142
  0.1706E-03   0.1874E+01   0.1460E+01   6.997   0.2025E+01   0.4182E+00 246.566
  0.1778E-03   0.1848E+01   0.1475E+01   7.062   0.2052E+01   0.4147E+00 220.956
  0.1854E-03   0.1821E+01   0.1504E+01   7.094   0.2070E+01   0.4125E+00 209.466
  0.1932E-03   0.1794E+01   0.1522E+01   7.128   0.2088E+01   0.4101E+00 198.018
  0.2014E-03   0.1767E+01   0.1536E+01   7.174   0.2106E+01   0.4078E+00 183.686
  0.2099E-03   0.1739E+01   0.1557E+01   7.219   0.2124E+01   0.4057E+00 170.632
  0.2188E-03   0.1711E+01   0.1569E+01   7.287   0.2151E+01   0.4022E+00 152.773
  0.2280E-03   0.1683E+01   0.1580E+01   7.333   0.2169E+01   0.4000E+00 141.924
  0.2377E-03   0.1654E+01   0.1594E+01   7.380   0.2187E+01   0.3978E+00 131.709
  0.2477E-03   0.1626E+01   0.1598E+01   7.426   0.2214E+01   0.3947E+00 122.367
  0.2582E-03   0.1597E+01   0.1607E+01   7.449   0.2223E+01   0.3935E+00 118.036
  0.2692E-03   0.1568E+01   0.1613E+01   7.519   0.2250E+01   0.3903E+00 105.652
  0.2805E-03   0.1539E+01   0.1611E+01   7.566   0.2268E+01   0.3882E+00  98.160
  0.2924E-03   0.1510E+01   0.1617E+01   7.600   0.2286E+01   0.3864E+00  93.163
  0.3048E-03   0.1481E+01   0.1617E+01   7.649   0.2304E+01   0.3842E+00  86.318
  0.3177E-03   0.1452E+01   0.1611E+01   7.711   0.2331E+01   0.3814E+00  78.590
  0.3311E-03   0.1423E+01   0.1612E+01   7.758   0.2349E+01   0.3791E+00  73.148
  0.3451E-03   0.1394E+01   0.1605E+01   7.819   0.2376E+01   0.3764E+00  66.738
  0.3597E-03   0.1365E+01   0.1597E+01   7.855   0.2394E+01   0.3744E+00  63.163
  0.3750E-03   0.1336E+01   0.1592E+01   7.906   0.2412E+01   0.3724E+00  58.541
  0.3908E-03   0.1308E+01   0.1580E+01   7.955   0.2430E+01   0.3706E+00  54.440
  0.4074E-03   0.1279E+01   0.1570E+01   8.030   0.2457E+01   0.3677E+00  48.777
  0.4246E-03   0.1251E+01   0.1559E+01   8.056   0.2475E+01   0.3659E+00  46.908
  0.4426E-03   0.1223E+01   0.1543E+01   8.107   0.2493E+01   0.3640E+00  43.607
  0.4613E-03   0.1195E+01   0.1531E+01   8.184   0.2520E+01   0.3613E+00  39.004
  0.4808E-03   0.1167E+01   0.1516E+01   8.234   0.2538E+01   0.3596E+00  36.315
  0.5012E-03   0.1140E+01   0.1496E+01   8.286   0.2565E+01   0.3571E+00  33.707
  0.5224E-03   0.1113E+01   0.1482E+01   8.339   0.2583E+01   0.3551E+00  31.273
  0.5445E-03   0.1087E+01   0.1463E+01   8.389   0.2601E+01   0.3536E+00  29.141
  0.5675E-03   0.1060E+01   0.1443E+01   8.444   0.2628E+01   0.3510E+00  26.988
  0.5916E-03   0.1034E+01   0.1425E+01   8.494   0.2646E+01   0.3491E+00  25.161
  0.6166E-03   0.1009E+01   0.1404E+01   8.548   0.2664E+01   0.3476E+00  23.355
  0.6427E-03   0.9834E+00   0.1383E+01   8.604   0.2682E+01   0.3458E+00  21.633
  0.6699E-03   0.9585E+00   0.1363E+01   8.668   0.2709E+01   0.3435E+00  19.835
  0.6982E-03   0.9340E+00   0.1339E+01   8.710   0.2727E+01   0.3419E+00  18.736
  0.7278E-03   0.9099E+00   0.1318E+01   8.766   0.2745E+01   0.3403E+00  17.374
  0.7586E-03   0.8861E+00   0.1296E+01   8.820   0.2763E+01   0.3386E+00  16.166
  0.7907E-03   0.8628E+00   0.1270E+01   8.878   0.2790E+01   0.3363E+00  14.962
  0.8241E-03   0.8400E+00   0.1249E+01   8.931   0.2808E+01   0.3348E+00  13.958
  0.8590E-03   0.8175E+00   0.1225E+01   8.988   0.2826E+01   0.3331E+00  12.944
  0.8954E-03   0.7954E+00   0.1200E+01   9.045   0.2853E+01   0.3309E+00  12.025
  0.9333E-03   0.7738E+00   0.1178E+01   9.100   0.2871E+01   0.3294E+00  11.187
  0.9727E-03   0.7526E+00   0.1154E+01   9.157   0.2889E+01   0.3279E+00  10.393
  0.1014E-02   0.7318E+00   0.1129E+01   9.202   0.2907E+01   0.3264E+00   9.818
  0.1057E-02   0.7115E+00   0.1107E+01   9.247   0.2925E+01   0.3249E+00   9.271
  0.1102E-02   0.6916E+00   0.1082E+01   9.332   0.2952E+01   0.3228E+00   8.320
  0.1148E-02   0.6721E+00   0.1058E+01   9.391   0.2970E+01   0.3212E+00   7.730
  0.1197E-02   0.6531E+00   0.1035E+01   9.421   0.2988E+01   0.3199E+00   7.447
  0.1247E-02   0.6344E+00   0.1010E+01   9.481   0.3006E+01   0.3186E+00   6.910
  0.1300E-02   0.6163E+00   0.9880E+00   9.538   0.3024E+01   0.3172E+00   6.440
  0.1355E-02   0.5985E+00   0.9651E+00   9.599   0.3051E+01   0.3150E+00   5.973
  0.1413E-02   0.5811E+00   0.9404E+00   9.659   0.3069E+01   0.3136E+00   5.552
  0.1472E-02   0.5642E+00   0.9193E+00   9.720   0.3087E+01   0.3122E+00   5.155
  0.1535E-02   0.5476E+00   0.8967E+00   9.763   0.3105E+01   0.3111E+00   4.893
  0.1600E-02   0.5315E+00   0.8736E+00   9.809   0.3123E+01   0.3096E+00   4.627
  0.1667E-02   0.5158E+00   0.8528E+00   9.875   0.3141E+01   0.3082E+00   4.281
  0.1738E-02   0.5004E+00   0.8306E+00   9.920   0.3159E+01   0.3070E+00   4.057
  0.1811E-02   0.4855E+00   0.8091E+00   9.965   0.3177E+01   0.3058E+00   3.843
  0.1888E-02   0.4709E+00   0.7888E+00  10.029   0.3195E+01   0.3043E+00   3.567
  0.1968E-02   0.4567E+00   0.7673E+00  10.093   0.3213E+01   0.3031E+00   3.310
  0.2051E-02   0.4429E+00   0.7474E+00  10.126   0.3231E+01   0.3019E+00   3.184
  0.2138E-02   0.4294E+00   0.7277E+00  10.188   0.3249E+01   0.3006E+00   2.964
  0.2228E-02   0.4163E+00   0.7071E+00  10.251   0.3267E+01   0.2993E+00   2.758
  0.2323E-02   0.4036E+00   0.6887E+00  10.300   0.3285E+01   0.2980E+00   2.606
  0.2421E-02   0.3912E+00   0.6699E+00  10.347   0.3303E+01   0.2967E+00   2.471
  0.2523E-02   0.3791E+00   0.6505E+00  10.412   0.3321E+01   0.2957E+00   2.295
  0.2630E-02   0.3674E+00   0.6333E+00  10.479   0.3339E+01   0.2944E+00   2.128
  0.2742E-02   0.3560E+00   0.6153E+00  10.501   0.3348E+01   0.2937E+00   2.076
  0.2858E-02   0.3450E+00   0.5975E+00  10.545   0.3366E+01   0.2927E+00   1.976
  0.2979E-02   0.3342E+00   0.5811E+00  10.589   0.3384E+01   0.2916E+00   1.882
  0.3105E-02   0.3237E+00   0.5641E+00  10.642   0.3402E+01   0.2902E+00   1.774
  0.3236E-02   0.3136E+00   0.5479E+00  10.713   0.3420E+01   0.2892E+00   1.640
  0.3373E-02   0.3037E+00   0.5323E+00  10.749   0.3429E+01   0.2885E+00   1.578
  0.3516E-02   0.2942E+00   0.5162E+00  10.811   0.3447E+01   0.2873E+00   1.475
  0.3664E-02   0.2849E+00   0.5015E+00  10.845   0.3465E+01   0.2862E+00   1.420
  0.3819E-02   0.2758E+00   0.4868E+00  10.916   0.3483E+01   0.2851E+00   1.316
  0.3981E-02   0.2671E+00   0.4717E+00  10.981   0.3501E+01   0.2839E+00   1.227
  0.4150E-02   0.2586E+00   0.4583E+00  10.995   0.3510E+01   0.2835E+00   1.209
  0.4325E-02   0.2503E+00   0.4446E+00  11.019   0.3519E+01   0.2828E+00   1.178
  0.4508E-02   0.2423E+00   0.4308E+00  11.124   0.3546E+01   0.2812E+00   1.054
  0.4699E-02   0.2346E+00   0.4183E+00  11.154   0.3555E+01   0.2807E+00   1.021
  0.4898E-02   0.2270E+00   0.4054E+00  11.191   0.3573E+01   0.2795E+00   0.982
  0.5105E-02   0.2197E+00   0.3930E+00  11.228   0.3582E+01   0.2791E+00   0.944
  0.5321E-02   0.2127E+00   0.3813E+00  11.295   0.3600E+01   0.2778E+00   0.881
  0.5546E-02   0.2058E+00   0.3693E+00  11.333   0.3609E+01   0.2774E+00   0.847
  0.5781E-02   0.1992E+00   0.3581E+00  11.351   0.3618E+01   0.2769E+00   0.831
  0.6026E-02   0.1927E+00   0.3472E+00  11.404   0.3636E+01   0.2760E+00   0.787
  0.6281E-02   0.1865E+00   0.3360E+00  11.439   0.3645E+01   0.2752E+00   0.759
  0.6546E-02   0.1804E+00   0.3259E+00  11.473   0.3654E+01   0.2747E+00   0.733
  0.6823E-02   0.1746E+00   0.3158E+00  11.530   0.3672E+01   0.2738E+00   0.691
  0.7112E-02   0.1689E+00   0.3055E+00  11.548   0.3681E+01   0.2733E+00   0.679
  0.7413E-02   0.1634E+00   0.2963E+00  11.619   0.3699E+01   0.2723E+00   0.632
  0.7727E-02   0.1580E+00   0.2869E+00  11.655   0.3708E+01   0.2718E+00   0.609
  0.8054E-02   0.1529E+00   0.2777E+00  11.692   0.3717E+01   0.2710E+00   0.586
  0.8395E-02   0.1479E+00   0.2692E+00  11.728   0.3726E+01   0.2705E+00   0.565
  0.8750E-02   0.1430E+00   0.2605E+00  11.765   0.3735E+01   0.2700E+00   0.545
  0.9120E-02   0.1383E+00   0.2523E+00  11.784   0.3744E+01   0.2695E+00   0.535
  0.9506E-02   0.1338E+00   0.2444E+00  11.803   0.3753E+01   0.2690E+00   0.525
  0.9908E-02   0.1294E+00   0.2363E+00  11.879   0.3771E+01   0.2680E+00   0.487
  0.1033E-01   0.1251E+00   0.2290E+00  11.889   0.3780E+01   0.2678E+00   0.482
  0.1076E-01   0.1210E+00   0.2217E+00  11.917   0.3789E+01   0.2673E+00   0.469
  0.1122E-01   0.1170E+00   0.2143E+00  11.950   0.3798E+01   0.2667E+00   0.454
  0.1169E-01   0.1132E+00   0.2077E+00  11.989   0.3807E+01   0.2662E+00   0.437
  0.1219E-01   0.1094E+00   0.2010E+00  12.028   0.3816E+01   0.2657E+00   0.420
  0.1271E-01   0.1058E+00   0.1943E+00  12.068   0.3825E+01   0.2652E+00   0.404
  0.1324E-01   0.1023E+00   0.1882E+00  12.101   0.3834E+01   0.2646E+00   0.391
  0.1380E-01   0.9893E-01   0.1821E+00  12.101   0.3834E+01   0.2646E+00   0.391
  0.1439E-01   0.9565E-01   0.1761E+00  12.130   0.3843E+01   0.2641E+00   0.380
  0.1500E-01   0.9248E-01   0.1705E+00  12.177   0.3861E+01   0.2633E+00   0.364
  0.1563E-01   0.8941E-01   0.1649E+00  12.177   0.3861E+01   0.2633E+00   0.364
  0.1629E-01   0.8645E-01   0.1596E+00  12.218   0.3870E+01   0.2628E+00   0.349
  0.1698E-01   0.8357E-01   0.1544E+00  12.253   0.3879E+01   0.2622E+00   0.338
  0.1770E-01   0.8079E-01   0.1492E+00  12.253   0.3879E+01   0.2622E+00   0.338
  0.1845E-01   0.7811E-01   0.1445E+00  12.294   0.3888E+01   0.2617E+00   0.325
  0.1923E-01   0.7551E-01   0.1398E+00  12.294   0.3888E+01   0.2617E+00   0.325
  0.2004E-01   0.7299E-01   0.1350E+00  12.333   0.3906E+01   0.2609E+00   0.313
  0.2089E-01   0.7056E-01   0.1308E+00  12.333   0.3906E+01   0.2609E+00   0.313
  0.2178E-01   0.6821E-01   0.1264E+00  12.333   0.3906E+01   0.2609E+00   0.313
  0.2270E-01   0.6593E-01   0.1222E+00  12.368   0.3915E+01   0.2603E+00   0.303
  0.2366E-01   0.6373E-01   0.1183E+00  12.368   0.3915E+01   0.2603E+00   0.303
  0.2466E-01   0.6160E-01   0.1144E+00  12.411   0.3924E+01   0.2598E+00   0.291
  0.2570E-01   0.5954E-01   0.1106E+00  12.411   0.3924E+01   0.2598E+00   0.291
  0.2679E-01   0.5755E-01   0.1070E+00  12.411   0.3924E+01   0.2598E+00   0.291
  0.2793E-01   0.5563E-01   0.1034E+00  12.423   0.3933E+01   0.2595E+00   0.287
  0.2911E-01   0.5377E-01   0.1000E+00  12.451   0.3942E+01   0.2590E+00   0.280
  0.3034E-01   0.5196E-01   0.9675E-01  12.451   0.3942E+01   0.2590E+00   0.280
  0.3162E-01   0.5022E-01   0.9343E-01  12.451   0.3942E+01   0.2590E+00   0.280
  0.3296E-01   0.4854E-01   0.9046E-01  12.451   0.3942E+01   0.2590E+00   0.280
  0.3436E-01   0.4691E-01   0.8745E-01  12.488   0.3951E+01   0.2584E+00   0.270
  0.3581E-01   0.4534E-01   0.8449E-01  12.488   0.3951E+01   0.2584E+00   0.270
  0.3733E-01   0.4382E-01   0.8177E-01  12.488   0.3951E+01   0.2584E+00   0.270
  0.3890E-01   0.4235E-01   0.7902E-01  12.488   0.3951E+01   0.2584E+00   0.270
  0.4055E-01   0.4092E-01   0.7639E-01  12.488   0.3951E+01   0.2584E+00   0.270
  0.4227E-01   0.3955E-01   0.7390E-01  12.488   0.3951E+01   0.2584E+00   0.270
  0.4406E-01   0.3822E-01   0.7139E-01  12.488   0.3951E+01   0.2584E+00   0.270
  0.4592E-01   0.3693E-01   0.6904E-01  12.488   0.3951E+01   0.2584E+00   0.270
  0.4786E-01   0.3569E-01   0.6677E-01  12.488   0.3951E+01   0.2584E+00   0.270
  0.4989E-01   0.3449E-01   0.6448E-01  12.521   0.3960E+01   0.2581E+00   0.262
  0.5200E-01   0.3333E-01   0.6239E-01  12.488   0.3951E+01   0.2584E+00   0.270
  0.5420E-01   0.3221E-01   0.6032E-01  12.488   0.3951E+01   0.2584E+00   0.270
  0.5649E-01   0.3112E-01   0.5825E-01  12.488   0.3951E+01   0.2584E+00   0.270
  0.5888E-01   0.3007E-01   0.5637E-01  12.488   0.3951E+01   0.2584E+00   0.270
  0.6138E-01   0.2906E-01   0.5448E-01  12.488   0.3951E+01   0.2584E+00   0.270
  0.6397E-01   0.2808E-01   0.5264E-01  12.488   0.3951E+01   0.2584E+00   0.270
  0.6668E-01   0.2713E-01   0.5092E-01  12.488   0.3951E+01   0.2584E+00   0.270
  0.6950E-01   0.2621E-01   0.4919E-01  12.488   0.3951E+01   0.2584E+00   0.270
  0.7244E-01   0.2533E-01   0.4755E-01  12.488   0.3951E+01   0.2584E+00   0.270
  0.7551E-01   0.2447E-01   0.4599E-01  12.451   0.3942E+01   0.2590E+00   0.280
  0.7870E-01   0.2364E-01   0.4441E-01  12.451   0.3942E+01   0.2590E+00   0.280
  0.8204E-01   0.2284E-01   0.4296E-01  12.451   0.3942E+01   0.2590E+00   0.280
  0.8551E-01   0.2207E-01   0.4153E-01  12.451   0.3942E+01   0.2590E+00   0.280
  0.8913E-01   0.2132E-01   0.4009E-01  12.423   0.3933E+01   0.2595E+00   0.287
  0.9290E-01   0.2060E-01   0.3880E-01  12.423   0.3933E+01   0.2595E+00   0.287
  0.9683E-01   0.1990E-01   0.3749E-01  12.411   0.3924E+01   0.2598E+00   0.291
  0.1009E+00   0.1923E-01   0.3621E-01  12.411   0.3924E+01   0.2598E+00   0.291
  0.1052E+00   0.1858E-01   0.3503E-01  12.411   0.3924E+01   0.2598E+00   0.291
  0.1096E+00   0.1795E-01   0.3385E-01  12.368   0.3915E+01   0.2603E+00   0.303
  0.1143E+00   0.1734E-01   0.3271E-01  12.368   0.3915E+01   0.2603E+00   0.303
  0.1191E+00   0.1675E-01   0.3163E-01  12.333   0.3906E+01   0.2609E+00   0.313
  0.1242E+00   0.1618E-01   0.3055E-01  12.333   0.3906E+01   0.2609E+00   0.313
  0.1294E+00   0.1563E-01   0.2954E-01  12.306   0.3897E+01   0.2614E+00   0.321
  0.1349E+00   0.1510E-01   0.2856E-01  12.294   0.3888E+01   0.2617E+00   0.325
  0.1406E+00   0.1458E-01   0.2757E-01  12.294   0.3888E+01   0.2617E+00   0.325
  0.1466E+00   0.1409E-01   0.2667E-01  12.253   0.3879E+01   0.2622E+00   0.338
  0.1528E+00   0.1361E-01   0.2578E-01  12.253   0.3879E+01   0.2622E+00   0.338
  0.1592E+00   0.1314E-01   0.2489E-01  12.218   0.3870E+01   0.2628E+00   0.349
  0.1660E+00   0.1269E-01   0.2408E-01  12.218   0.3870E+01   0.2628E+00   0.349
  0.1730E+00   0.1226E-01   0.2326E-01  12.177   0.3861E+01   0.2633E+00   0.364
  0.1803E+00   0.1184E-01   0.2247E-01  12.177   0.3861E+01   0.2633E+00   0.364
  0.1879E+00   0.1144E-01   0.2173E-01  12.130   0.3843E+01   0.2641E+00   0.380
  0.1959E+00   0.1105E-01   0.2099E-01  12.130   0.3843E+01   0.2641E+00   0.380
  0.2042E+00   0.1067E-01   0.2029E-01  12.101   0.3834E+01   0.2646E+00   0.391
  0.2128E+00   0.1030E-01   0.1962E-01  12.068   0.3825E+01   0.2652E+00   0.404
  0.2218E+00   0.9950E-02   0.1894E-01  12.068   0.3825E+01   0.2652E+00   0.404
  0.2312E+00   0.9609E-02   0.1831E-01  12.028   0.3816E+01   0.2657E+00   0.420
  0.2410E+00   0.9280E-02   0.1770E-01  11.989   0.3807E+01   0.2662E+00   0.437
  0.2512E+00   0.8961E-02   0.1708E-01  11.950   0.3798E+01   0.2667E+00   0.454
  0.2618E+00   0.8653E-02   0.1653E-01  11.950   0.3798E+01   0.2667E+00   0.454
  0.2729E+00   0.8356E-02   0.1597E-01  11.917   0.3789E+01   0.2673E+00   0.469
  0.2844E+00   0.8068E-02   0.1542E-01  11.879   0.3771E+01   0.2680E+00   0.487
  0.2965E+00   0.7791E-02   0.1492E-01  11.879   0.3771E+01   0.2680E+00   0.487
  0.3090E+00   0.7522E-02   0.1441E-01  11.841   0.3762E+01   0.2685E+00   0.505
  0.3221E+00   0.7263E-02   0.1392E-01  11.803   0.3753E+01   0.2690E+00   0.525
  0.3357E+00   0.7012E-02   0.1346E-01  11.784   0.3744E+01   0.2695E+00   0.535
  0.3499E+00   0.6770E-02   0.1300E-01  11.765   0.3735E+01   0.2700E+00   0.545
  0.3648E+00   0.6536E-02   0.1256E-01  11.728   0.3726E+01   0.2705E+00   0.565
  0.3802E+00   0.6310E-02   0.1214E-01  11.692   0.3717E+01   0.2710E+00   0.586
  0.3963E+00   0.6091E-02   0.1172E-01  11.692   0.3717E+01   0.2710E+00   0.586
  0.4130E+00   0.5880E-02   0.1134E-01  11.655   0.3708E+01   0.2718E+00   0.609
  0.4305E+00   0.5676E-02   0.1095E-01  11.619   0.3699E+01   0.2723E+00   0.632
  0.4487E+00   0.5479E-02   0.1057E-01  11.583   0.3690E+01   0.2728E+00   0.655
  0.4677E+00   0.5289E-02   0.1023E-01  11.548   0.3681E+01   0.2733E+00   0.679
  0.4875E+00   0.5105E-02   0.9878E-02  11.530   0.3672E+01   0.2738E+00   0.691
  0.5082E+00   0.4927E-02   0.9540E-02  11.513   0.3663E+01   0.2743E+00   0.704
  0.5297E+00   0.4755E-02   0.9224E-02  11.439   0.3645E+01   0.2752E+00   0.759
  0.5521E+00   0.4589E-02   0.8907E-02  11.439   0.3645E+01   0.2752E+00   0.759
  0.5754E+00   0.4429E-02   0.8606E-02  11.404   0.3636E+01   0.2760E+00   0.787
  0.5998E+00   0.4274E-02   0.8318E-02  11.371   0.3627E+01   0.2765E+00   0.814
  0.6252E+00   0.4124E-02   0.8029E-02  11.333   0.3609E+01   0.2774E+00   0.847
  0.6516E+00   0.3980E-02   0.7762E-02  11.295   0.3600E+01   0.2778E+00   0.881
  0.6792E+00   0.3840E-02   0.7500E-02  11.295   0.3600E+01   0.2778E+00   0.881
  0.7079E+00   0.3705E-02   0.7237E-02  11.228   0.3582E+01   0.2791E+00   0.944
  0.7379E+00   0.3575E-02   0.6999E-02  11.191   0.3573E+01   0.2795E+00   0.982
  0.7691E+00   0.3449E-02   0.6761E-02  11.168   0.3564E+01   0.2803E+00   1.006
  0.8017E+00   0.3327E-02   0.6526E-02  11.154   0.3555E+01   0.2807E+00   1.021
  0.8356E+00   0.3210E-02   0.6310E-02  11.124   0.3546E+01   0.2812E+00   1.054
  0.8710E+00   0.3096E-02   0.6093E-02  11.086   0.3537E+01   0.2819E+00   1.097
  0.9078E+00   0.2987E-02   0.5884E-02  11.049   0.3528E+01   0.2823E+00   1.142
  0.9462E+00   0.2881E-02   0.5687E-02  11.019   0.3519E+01   0.2828E+00   1.178
  0.9863E+00   0.2778E-02   0.5489E-02  10.981   0.3501E+01   0.2839E+00   1.227
  0.1028E+01   0.2679E-02   0.5304E-02  10.981   0.3501E+01   0.2839E+00   1.227
  0.1072E+01   0.2584E-02   0.5125E-02  10.916   0.3483E+01   0.2851E+00   1.316
  0.1117E+01   0.2492E-02   0.4945E-02  10.879   0.3474E+01   0.2858E+00   1.370
  0.1164E+01   0.2403E-02   0.4780E-02  10.845   0.3465E+01   0.2862E+00   1.420
  0.1213E+01   0.2317E-02   0.4616E-02  10.823   0.3456E+01   0.2869E+00   1.455
  0.1265E+01   0.2234E-02   0.4454E-02  10.811   0.3447E+01   0.2873E+00   1.475
  0.1318E+01   0.2153E-02   0.4306E-02  10.749   0.3429E+01   0.2885E+00   1.578
  0.1374E+01   0.2076E-02   0.4157E-02  10.713   0.3420E+01   0.2892E+00   1.640
  0.1432E+01   0.2001E-02   0.4013E-02  10.680   0.3411E+01   0.2899E+00   1.702
  0.1493E+01   0.1929E-02   0.3878E-02  10.642   0.3402E+01   0.2902E+00   1.774
  0.1556E+01   0.1859E-02   0.3743E-02  10.610   0.3393E+01   0.2909E+00   1.839
  0.1622E+01   0.1792E-02   0.3614E-02  10.578   0.3375E+01   0.2920E+00   1.905
  0.1690E+01   0.1727E-02   0.3491E-02  10.545   0.3366E+01   0.2927E+00   1.976
  0.1762E+01   0.1664E-02   0.3368E-02  10.513   0.3357E+01   0.2934E+00   2.047
  0.1837E+01   0.1603E-02   0.3254E-02  10.501   0.3348E+01   0.2937E+00   2.076
  0.1914E+01   0.1545E-02   0.3142E-02  10.479   0.3339E+01   0.2944E+00   2.128
  0.1995E+01   0.1488E-02   0.3030E-02  10.448   0.3330E+01   0.2951E+00   2.204
  0.2080E+01   0.1433E-02   0.2928E-02  10.412   0.3321E+01   0.2957E+00   2.295
  0.2168E+01   0.1381E-02   0.2827E-02  10.347   0.3303E+01   0.2967E+00   2.471
  0.2259E+01   0.1330E-02   0.2727E-02  10.316   0.3294E+01   0.2974E+00   2.558
  0.2355E+01   0.1281E-02   0.2634E-02  10.300   0.3285E+01   0.2980E+00   2.606
  0.2455E+01   0.1233E-02   0.2542E-02  10.284   0.3276E+01   0.2987E+00   2.654
  0.2559E+01   0.1188E-02   0.2453E-02  10.221   0.3258E+01   0.3000E+00   2.853
  0.2667E+01   0.1144E-02   0.2369E-02  10.188   0.3249E+01   0.3006E+00   2.964
  0.2780E+01   0.1101E-02   0.2285E-02  10.155   0.3240E+01   0.3012E+00   3.080
  0.2897E+01   0.1060E-02   0.2205E-02  10.126   0.3231E+01   0.3019E+00   3.184
  0.3020E+01   0.1020E-02   0.2129E-02  10.093   0.3213E+01   0.3031E+00   3.310
  0.3148E+01   0.9817E-03   0.2052E-02  10.061   0.3204E+01   0.3037E+00   3.436
  0.3281E+01   0.9448E-03   0.1982E-02  10.029   0.3195E+01   0.3043E+00   3.567
  0.3420E+01   0.9091E-03   0.1912E-02   9.998   0.3186E+01   0.3049E+00   3.700
  0.3565E+01   0.8747E-03   0.1843E-02   9.965   0.3177E+01   0.3058E+00   3.843
  0.3715E+01   0.8415E-03   0.1780E-02   9.920   0.3159E+01   0.3070E+00   4.057
  0.3873E+01   0.8095E-03   0.1717E-02   9.905   0.3150E+01   0.3076E+00   4.130
  0.4036E+01   0.7786E-03   0.1656E-02   9.875   0.3141E+01   0.3082E+00   4.281
  0.4207E+01   0.7488E-03   0.1598E-02   9.844   0.3132E+01   0.3091E+00   4.441
  0.4385E+01   0.7200E-03   0.1540E-02   9.781   0.3114E+01   0.3102E+00   4.788
  0.4571E+01   0.6923E-03   0.1486E-02   9.763   0.3105E+01   0.3111E+00   4.893
  0.4764E+01   0.6655E-03   0.1434E-02   9.752   0.3096E+01   0.3117E+00   4.961
  0.4966E+01   0.6397E-03   0.1381E-02   9.720   0.3087E+01   0.3122E+00   5.155
  0.5176E+01   0.6148E-03   0.1333E-02   9.659   0.3069E+01   0.3136E+00   5.552
  0.5395E+01   0.5909E-03   0.1285E-02   9.630   0.3060E+01   0.3145E+00   5.749
  0.5623E+01   0.5677E-03   0.1238E-02   9.599   0.3051E+01   0.3150E+00   5.973
  0.5861E+01   0.5454E-03   0.1194E-02   9.569   0.3033E+01   0.3164E+00   6.193
  0.6109E+01   0.5239E-03   0.1151E-02   9.538   0.3024E+01   0.3172E+00   6.440
  0.6368E+01   0.5032E-03   0.1109E-02   9.508   0.3015E+01   0.3177E+00   6.681
  0.6637E+01   0.4833E-03   0.1070E-02   9.481   0.3006E+01   0.3186E+00   6.910
  0.6918E+01   0.4640E-03   0.1031E-02   9.421   0.2988E+01   0.3199E+00   7.447
  0.7211E+01   0.4455E-03   0.9929E-03   9.402   0.2979E+01   0.3207E+00   7.620
  0.7516E+01   0.4276E-03   0.9573E-03   9.391   0.2970E+01   0.3212E+00   7.730
  0.7834E+01   0.4104E-03   0.9216E-03   9.361   0.2961E+01   0.3220E+00   8.020
  0.8166E+01   0.3938E-03   0.8882E-03   9.332   0.2952E+01   0.3228E+00   8.320
  0.8511E+01   0.3778E-03   0.8558E-03   9.276   0.2934E+01   0.3241E+00   8.936
  0.8872E+01   0.3624E-03   0.8235E-03   9.247   0.2925E+01   0.3249E+00   9.271
  0.9247E+01   0.3476E-03   0.7938E-03   9.216   0.2916E+01   0.3256E+00   9.645
  0.9638E+01   0.3333E-03   0.7644E-03   9.188   0.2898E+01   0.3272E+00   9.993
  0.1005E+02   0.3195E-03   0.7353E-03   9.157   0.2889E+01   0.3279E+00  10.393
  0.1047E+02   0.3063E-03   0.7087E-03   9.131   0.2880E+01   0.3287E+00  10.752
  0.1091E+02   0.2935E-03   0.6820E-03   9.100   0.2871E+01   0.3294E+00  11.187
  0.1138E+02   0.2812E-03   0.6562E-03   9.045   0.2853E+01   0.3309E+00  12.025
  0.1186E+02   0.2694E-03   0.6320E-03   9.031   0.2844E+01   0.3317E+00  12.244
  0.1236E+02   0.2580E-03   0.6078E-03   9.017   0.2835E+01   0.3324E+00  12.464
  0.1288E+02   0.2471E-03   0.5849E-03   8.959   0.2817E+01   0.3338E+00  13.441
  0.1343E+02   0.2366E-03   0.5629E-03   8.931   0.2808E+01   0.3348E+00  13.958
  0.1400E+02   0.2264E-03   0.5410E-03   8.906   0.2799E+01   0.3356E+00  14.418
  0.1459E+02   0.2167E-03   0.5207E-03   8.878   0.2790E+01   0.3363E+00  14.962
  0.1521E+02   0.2073E-03   0.5008E-03   8.848   0.2781E+01   0.3369E+00  15.576
  0.1585E+02   0.1983E-03   0.4809E-03   8.820   0.2763E+01   0.3386E+00  16.166
  0.1652E+02   0.1897E-03   0.4629E-03   8.793   0.2754E+01   0.3393E+00  16.756
  0.1722E+02   0.1813E-03   0.4449E-03   8.766   0.2745E+01   0.3403E+00  17.374
  0.1795E+02   0.1733E-03   0.4272E-03   8.710   0.2727E+01   0.3419E+00  18.736
  0.1871E+02   0.1656E-03   0.4109E-03   8.685   0.2718E+01   0.3426E+00  19.391
  0.1950E+02   0.1582E-03   0.3946E-03   8.668   0.2709E+01   0.3435E+00  19.835
  0.2032E+02   0.1511E-03   0.3790E-03   8.657   0.2700E+01   0.3442E+00  20.132
  0.2118E+02   0.1443E-03   0.3642E-03   8.604   0.2682E+01   0.3458E+00  21.633
  0.2208E+02   0.1378E-03   0.3494E-03   8.576   0.2673E+01   0.3467E+00  22.482
  0.2301E+02   0.1315E-03   0.3356E-03   8.548   0.2664E+01   0.3476E+00  23.355
  0.2399E+02   0.1254E-03   0.3222E-03   8.494   0.2646E+01   0.3491E+00  25.161
  0.2500E+02   0.1196E-03   0.3089E-03   8.470   0.2637E+01   0.3501E+00  26.014
  0.2606E+02   0.1141E-03   0.2967E-03   8.444   0.2628E+01   0.3510E+00  26.988
  0.2716E+02   0.1087E-03   0.2846E-03   8.429   0.2619E+01   0.3518E+00  27.539
  0.2831E+02   0.1036E-03   0.2727E-03   8.415   0.2610E+01   0.3527E+00  28.091
  0.2951E+02   0.9870E-04   0.2617E-03   8.364   0.2592E+01   0.3542E+00  30.175
  0.3076E+02   0.9399E-04   0.2508E-03   8.339   0.2583E+01   0.3551E+00  31.273
  0.3206E+02   0.8947E-04   0.2403E-03   8.311   0.2574E+01   0.3559E+00  32.527
  0.3342E+02   0.8515E-04   0.2304E-03   8.286   0.2565E+01   0.3571E+00  33.707
  0.3483E+02   0.8100E-04   0.2206E-03   8.246   0.2547E+01   0.3588E+00  35.658
  0.3631E+02   0.7703E-04   0.2113E-03   8.234   0.2538E+01   0.3596E+00  36.315
  0.3784E+02   0.7323E-04   0.2024E-03   8.207   0.2529E+01   0.3604E+00  37.718
  0.3945E+02   0.6958E-04   0.1936E-03   8.184   0.2520E+01   0.3613E+00  39.004
  0.4111E+02   0.6610E-04   0.1854E-03   8.132   0.2502E+01   0.3632E+00  42.029
  0.4285E+02   0.6276E-04   0.1774E-03   8.107   0.2493E+01   0.3640E+00  43.607
  0.4467E+02   0.5957E-04   0.1694E-03   8.081   0.2484E+01   0.3651E+00  45.254
  0.4656E+02   0.5652E-04   0.1622E-03   8.056   0.2475E+01   0.3659E+00  46.908
  0.4853E+02   0.5360E-04   0.1550E-03   8.030   0.2457E+01   0.3677E+00  48.777
  0.5058E+02   0.5081E-04   0.1480E-03   8.005   0.2448E+01   0.3688E+00  50.554
  0.5272E+02   0.4814E-04   0.1415E-03   7.979   0.2439E+01   0.3695E+00  52.553
  0.5495E+02   0.4560E-04   0.1351E-03   7.955   0.2430E+01   0.3706E+00  54.440
  0.5728E+02   0.4316E-04   0.1289E-03   7.906   0.2412E+01   0.3724E+00  58.541
  0.5970E+02   0.4084E-04   0.1231E-03   7.880   0.2403E+01   0.3734E+00  60.820
  0.6223E+02   0.3863E-04   0.1174E-03   7.855   0.2394E+01   0.3744E+00  63.163
  0.6486E+02   0.3651E-04   0.1120E-03   7.831   0.2385E+01   0.3754E+00  65.510
  0.6761E+02   0.3450E-04   0.1068E-03   7.805   0.2367E+01   0.3774E+00  68.088
  0.7047E+02   0.3258E-04   0.1016E-03   7.782   0.2358E+01   0.3781E+00  70.562
  0.7345E+02   0.3075E-04   0.9688E-04   7.758   0.2349E+01   0.3791E+00  73.148
  0.7656E+02   0.2901E-04   0.9224E-04   7.734   0.2340E+01   0.3804E+00  75.850
  0.7980E+02   0.2735E-04   0.8768E-04   7.685   0.2322E+01   0.3823E+00  81.721
  0.8318E+02   0.2577E-04   0.8351E-04   7.662   0.2313E+01   0.3833E+00  84.629
  0.8670E+02   0.2426E-04   0.7938E-04   7.649   0.2304E+01   0.3842E+00  86.318
  0.9036E+02   0.2283E-04   0.7541E-04   7.613   0.2295E+01   0.3851E+00  91.271
  0.9419E+02   0.2148E-04   0.7170E-04   7.590   0.2277E+01   0.3873E+00  94.603
  0.9817E+02   0.2019E-04   0.6804E-04   7.566   0.2268E+01   0.3882E+00  98.160
  0.1023E+03   0.1896E-04   0.6458E-04   7.542   0.2259E+01   0.3894E+00 101.894
  0.1067E+03   0.1780E-04   0.6129E-04   7.519   0.2250E+01   0.3903E+00 105.652
  0.1112E+03   0.1670E-04   0.5804E-04   7.496   0.2241E+01   0.3915E+00 109.506
  0.1159E+03   0.1565E-04   0.5504E-04   7.449   0.2223E+01   0.3935E+00 118.036
  0.1208E+03   0.1466E-04   0.5214E-04   7.426   0.2214E+01   0.3947E+00 122.367
  0.1259E+03   0.1372E-04   0.4927E-04   7.412   0.2205E+01   0.3958E+00 125.171
  0.1312E+03   0.1284E-04   0.4668E-04   7.380   0.2187E+01   0.3978E+00 131.709
  0.1368E+03   0.1199E-04   0.4413E-04   7.356   0.2178E+01   0.3989E+00 136.780
  0.1426E+03   0.1120E-04   0.4165E-04   7.333   0.2169E+01   0.4000E+00 141.924
  0.1486E+03   0.1045E-04   0.3938E-04   7.310   0.2160E+01   0.4011E+00 147.223
  0.1549E+03   0.9742E-05   0.3713E-04   7.287   0.2151E+01   0.4022E+00 152.773
  0.1614E+03   0.9074E-05   0.3500E-04   7.241   0.2133E+01   0.4043E+00 164.602
  0.1683E+03   0.8444E-05   0.3301E-04   7.219   0.2124E+01   0.4057E+00 170.632
  0.1754E+03   0.7850E-05   0.3105E-04   7.197   0.2115E+01   0.4068E+00 176.744
  0.1828E+03   0.7291E-05   0.2923E-04   7.174   0.2106E+01   0.4078E+00 183.686
  0.1905E+03   0.6764E-05   0.2750E-04   7.151   0.2097E+01   0.4088E+00 190.659
  0.1986E+03   0.6270E-05   0.2579E-04   7.108   0.2079E+01   0.4112E+00 204.820
  0.2070E+03   0.5805E-05   0.2425E-04   7.094   0.2070E+01   0.4125E+00 209.466
  0.2158E+03   0.5369E-05   0.2274E-04   7.084   0.2061E+01   0.4134E+00 213.089
  0.2249E+03   0.4959E-05   0.2128E-04   7.062   0.2052E+01   0.4147E+00 220.956
  0.2344E+03   0.4576E-05   0.1996E-04   7.040   0.2043E+01   0.4160E+00 229.043
  0.2443E+03   0.4217E-05   0.1867E-04   6.997   0.2025E+01   0.4182E+00 246.566
  0.2547E+03   0.3881E-05   0.1743E-04   6.974   0.2016E+01   0.4194E+00 256.114
  0.2655E+03   0.3567E-05   0.1630E-04   6.953   0.2007E+01   0.4207E+00 265.142
  0.2767E+03   0.3274E-05   0.1519E-04   6.932   0.1998E+01   0.4219E+00 275.101
  0.2884E+03   0.3000E-05   0.1416E-04   6.910   0.1989E+01   0.4231E+00 285.493
  0.3006E+03   0.2746E-05   0.1319E-04   6.866   0.1971E+01   0.4254E+00 307.853
  0.3133E+03   0.2508E-05   0.1225E-04   6.845   0.1962E+01   0.4269E+00 319.160
  0.3266E+03   0.2288E-05   0.1139E-04   6.824   0.1953E+01   0.4281E+00 330.599
  0.3404E+03   0.2083E-05   0.1057E-04   6.802   0.1944E+01   0.4292E+00 343.533
  0.3548E+03   0.1892E-05   0.9775E-05   6.780   0.1935E+01   0.4306E+00 356.744
  0.3698E+03   0.1716E-05   0.9071E-05   6.759   0.1926E+01   0.4317E+00 370.201
  0.3855E+03   0.1553E-05   0.8384E-05   6.729   0.1908E+01   0.4342E+00 390.201
  0.4018E+03   0.1402E-05   0.7730E-05   6.696   0.1899E+01   0.4356E+00 413.196
  0.4188E+03   0.1263E-05   0.7142E-05   6.676   0.1890E+01   0.4370E+00 428.315
  0.4365E+03   0.1134E-05   0.6572E-05   6.664   0.1881E+01   0.4383E+00 437.394
  0.4550E+03   0.1016E-05   0.6041E-05   6.655   0.1872E+01   0.4394E+00 444.496
  0.4742E+03   0.9075E-06   0.5555E-05   6.613   0.1854E+01   0.4420E+00 478.985
  0.4943E+03   0.8075E-06   0.5085E-05   6.592   0.1845E+01   0.4433E+00 496.952
  0.5152E+03   0.7159E-06   0.4660E-05   6.572   0.1836E+01   0.4449E+00 515.375
  0.5370E+03   0.6320E-06   0.4263E-05   6.551   0.1827E+01   0.4462E+00 534.423
  0.5598E+03   0.5553E-06   0.3881E-05   6.531   0.1818E+01   0.4475E+00 553.846
  0.5834E+03   0.4855E-06   0.3544E-05   6.510   0.1809E+01   0.4487E+00 575.430
  0.6081E+03   0.4217E-06   0.3224E-05   6.470   0.1791E+01   0.4515E+00 618.578
  0.6339E+03   0.3636E-06   0.2920E-05   6.450   0.1782E+01   0.4530E+00 641.958
  0.6607E+03   0.3111E-06   0.2654E-05   6.429   0.1773E+01   0.4544E+00 667.594
  0.6887E+03   0.2633E-06   0.2399E-05   6.409   0.1764E+01   0.4556E+00 692.167
  0.7178E+03   0.2201E-06   0.2163E-05   6.389   0.1755E+01   0.4571E+00 717.437
  0.7482E+03   0.1812E-06   0.1953E-05   6.369   0.1746E+01   0.4585E+00 745.122
  0.7798E+03   0.1461E-06   0.1753E-05   6.350   0.1737E+01   0.4600E+00 771.795
  0.8128E+03   0.1145E-06   0.1573E-05   6.310   0.1719E+01   0.4628E+00 831.085
  0.8472E+03   0.8618E-07   0.1411E-05   6.310   0.1719E+01   0.4628E+00 831.085
  0.8831E+03   0.6079E-07   0.1257E-05   6.270   0.1701E+01   0.4658E+00 895.663
  0.9204E+03   0.3817E-07   0.1122E-05   6.251   0.1692E+01   0.4672E+00 928.194
  0.9594E+03   0.1797E-07   0.9983E-06   6.231   0.1683E+01   0.4688E+00 963.676
