  0.1000E-05   0.2526E+02   0.8251E+02   6.738   0.1917E+01   0.4331E+00 383.944
  0.1042E-05   0.2377E+02   0.7618E+02   6.759   0.1926E+01   0.4317E+00 370.201
  0.1086E-05   0.2240E+02   0.7018E+02   6.759   0.1926E+01   0.4317E+00 370.201
  0.1132E-05   0.2114E+02   0.6459E+02   6.780   0.1935E+01   0.4306E+00 356.744
  0.1180E-05   0.1997E+02   0.5961E+02   6.802   0.1944E+01   0.4292E+00 343.533
  0.1230E-05   0.1890E+02   0.5489E+02   6.824   0.1953E+01   0.4281E+00 330.599
  0.1282E-05   0.1791E+02   0.5056E+02   6.824   0.1953E+01   0.4281E+00 330.599
  0.1337E-05   0.1700E+02   0.4661E+02   6.845   0.1962E+01   0.4269E+00 319.160
  0.1393E-05   0.1616E+02   0.4288E+02   6.845   0.1962E+01   0.4269E+00 319.160
  0.1452E-05   0.1539E+02   0.3954E+02   6.866   0.1971E+01   0.4254E+00 307.853
  0.1514E-05   0.1468E+02   0.3647E+02   6.889   0.1980E+01   0.4243E+00 296.092
  0.1578E-05   0.1402E+02   0.3357E+02   6.910   0.1989E+01   0.4231E+00 285.493
  0.1644E-05   0.1342E+02   0.3098E+02   6.932   0.1998E+01   0.4219E+00 275.101
  0.1714E-05   0.1286E+02   0.2855E+02   6.953   0.2007E+01   0.4207E+00 265.142
  0.1786E-05   0.1235E+02   0.2626E+02   6.953   0.2007E+01   0.4207E+00 265.142
  0.1862E-05   0.1188E+02   0.2422E+02   6.953   0.2007E+01   0.4207E+00 265.142
  0.1941E-05   0.1144E+02   0.2229E+02   6.953   0.2007E+01   0.4207E+00 265.142
  0.2023E-05   0.1104E+02   0.2051E+02   6.974   0.2016E+01   0.4194E+00 256.114
  0.2109E-05   0.1067E+02   0.1893E+02   6.997   0.2025E+01   0.4182E+00 246.566
  0.2198E-05   0.1033E+02   0.1744E+02   7.019   0.2034E+01   0.4170E+00 237.268
  0.2291E-05   0.1001E+02   0.1607E+02   7.040   0.2043E+01   0.4160E+00 229.043
  0.2388E-05   0.9725E+01   0.1482E+02   7.040   0.2043E+01   0.4160E+00 229.043
  0.2489E-05   0.9459E+01   0.1363E+02   7.062   0.2052E+01   0.4147E+00 220.956
  0.2594E-05   0.9213E+01   0.1257E+02   7.062   0.2052E+01   0.4147E+00 220.956
  0.2704E-05   0.8987E+01   0.1158E+02   7.062   0.2052E+01   0.4147E+00 220.956
  0.2818E-05   0.8779E+01   0.1064E+02   7.084   0.2061E+01   0.4134E+00 213.089
  0.2938E-05   0.8587E+01   0.9822E+01   7.084   0.2061E+01   0.4134E+00 213.089
  0.3062E-05   0.8410E+01   0.9049E+01   7.094   0.2070E+01   0.4125E+00 209.466
  0.3192E-05   0.8247E+01   0.8329E+01   7.108   0.2079E+01   0.4112E+00 204.820
  0.3327E-05   0.8097E+01   0.7686E+01   7.108   0.2079E+01   0.4112E+00 204.820
  0.3467E-05   0.7959E+01   0.7077E+01   7.128   0.2088E+01   0.4101E+00 198.018
  0.3614E-05   0.7832E+01   0.6519E+01   7.151   0.2097E+01   0.4088E+00 190.659
  0.3767E-05   0.7714E+01   0.6012E+01   7.151   0.2097E+01   0.4088E+00 190.659
  0.3926E-05   0.7606E+01   0.5531E+01   7.151   0.2097E+01   0.4088E+00 190.659
  0.4093E-05   0.7507E+01   0.5099E+01   7.174   0.2106E+01   0.4078E+00 183.686
  0.4266E-05   0.7415E+01   0.4700E+01   7.197   0.2115E+01   0.4068E+00 176.744
  0.4446E-05   0.7330E+01   0.4322E+01   7.197   0.2115E+01   0.4068E+00 176.744
  0.4634E-05   0.7252E+01   0.3988E+01   7.219   0.2124E+01   0.4057E+00 170.632
  0.4831E-05   0.7181E+01   0.3674E+01   7.219   0.2124E+01   0.4057E+00 170.632
  0.5035E-05   0.7115E+01   0.3380E+01   7.241   0.2133E+01   0.4043E+00 164.602
  0.5248E-05   0.7054E+01   0.3120E+01   7.241   0.2133E+01   0.4043E+00 164.602
  0.5470E-05   0.6998E+01   0.2874E+01   7.265   0.2142E+01   0.4033E+00 158.371
  0.5702E-05   0.6946E+01   0.2647E+01   7.287   0.2151E+01   0.4022E+00 152.773
  0.5943E-05   0.6898E+01   0.2441E+01   7.287   0.2151E+01   0.4022E+00 152.773
  0.6194E-05   0.6854E+01   0.2247E+01   7.310   0.2160E+01   0.4011E+00 147.223
  0.6457E-05   0.6814E+01   0.2113E+01   7.333   0.2169E+01   0.4000E+00 141.924
  0.6730E-05   0.6776E+01   0.2020E+01   7.333   0.2169E+01   0.4000E+00 141.924
  0.7015E-05   0.6739E+01   0.1928E+01   7.356   0.2178E+01   0.3989E+00 136.780
  0.7311E-05   0.6705E+01   0.1968E+01   7.380   0.2187E+01   0.3978E+00 131.709
  0.7621E-05   0.6669E+01   0.2030E+01   7.380   0.2187E+01   0.3978E+00 131.709
  0.7943E-05   0.6633E+01   0.2074E+01   7.401   0.2196E+01   0.3966E+00 127.290
  0.8279E-05   0.6595E+01   0.2155E+01   7.412   0.2205E+01   0.3958E+00 125.171
  0.8630E-05   0.6557E+01   0.2216E+01   7.426   0.2214E+01   0.3947E+00 122.367
  0.8995E-05   0.6517E+01   0.2270E+01   7.426   0.2214E+01   0.3947E+00 122.367
  0.9376E-05   0.6476E+01   0.2349E+01   7.449   0.2223E+01   0.3935E+00 118.036
  0.9772E-05   0.6434E+01   0.2407E+01   7.471   0.2232E+01   0.3926E+00 114.007
  0.1019E-04   0.6390E+01   0.2470E+01   7.496   0.2241E+01   0.3915E+00 109.506
  0.1062E-04   0.6346E+01   0.2541E+01   7.496   0.2241E+01   0.3915E+00 109.506
  0.1107E-04   0.6300E+01   0.2592E+01   7.519   0.2250E+01   0.3903E+00 105.652
  0.1153E-04   0.6253E+01   0.2662E+01   7.471   0.2232E+01   0.3926E+00 114.007
  0.1202E-04   0.6205E+01   0.2729E+01   7.412   0.2205E+01   0.3958E+00 125.171
  0.1253E-04   0.6156E+01   0.2774E+01   7.356   0.2178E+01   0.3989E+00 136.780
  0.1306E-04   0.6106E+01   0.2853E+01   7.287   0.2151E+01   0.4022E+00 152.773
  0.1361E-04   0.6055E+01   0.2915E+01   7.219   0.2124E+01   0.4057E+00 170.632
  0.1419E-04   0.6003E+01   0.2960E+01   7.128   0.2088E+01   0.4101E+00 198.018
  0.1479E-04   0.5949E+01   0.3034E+01   7.108   0.2079E+01   0.4112E+00 204.820
  0.1542E-04   0.5895E+01   0.3084E+01   7.094   0.2070E+01   0.4125E+00 209.466
  0.1607E-04   0.5839E+01   0.3133E+01   7.084   0.2061E+01   0.4134E+00 213.089
  0.1675E-04   0.5783E+01   0.3199E+01   7.040   0.2043E+01   0.4160E+00 229.043
  0.1746E-04   0.5725E+01   0.3241E+01   6.997   0.2025E+01   0.4182E+00 246.566
  0.1820E-04   0.5667E+01   0.3296E+01   6.953   0.2007E+01   0.4207E+00 265.142
  0.1897E-04   0.5608E+01   0.3354E+01   6.889   0.1980E+01   0.4243E+00 296.092
  0.1977E-04   0.5547E+01   0.3388E+01   6.802   0.1944E+01   0.4292E+00 343.533
  0.2061E-04   0.5486E+01   0.3443E+01   6.780   0.1935E+01   0.4306E+00 356.744
  0.2148E-04   0.5424E+01   0.3487E+01   6.780   0.1935E+01   0.4306E+00 356.744
  0.2239E-04   0.5361E+01   0.3507E+01   6.780   0.1935E+01   0.4306E+00 356.744
  0.2333E-04   0.5298E+01   0.3565E+01   6.780   0.1935E+01   0.4306E+00 356.744
  0.2432E-04   0.5234E+01   0.3598E+01   6.802   0.1944E+01   0.4292E+00 343.533
  0.2535E-04   0.5169E+01   0.3622E+01   6.802   0.1944E+01   0.4292E+00 343.533
  0.2642E-04   0.5104E+01   0.3669E+01   6.780   0.1935E+01   0.4306E+00 356.744
  0.2754E-04   0.5038E+01   0.3693E+01   6.780   0.1935E+01   0.4306E+00 356.744
  0.2871E-04   0.4972E+01   0.3717E+01   6.759   0.1926E+01   0.4317E+00 370.201
  0.2992E-04   0.4905E+01   0.3749E+01   6.759   0.1926E+01   0.4317E+00 370.201
  0.3119E-04   0.4837E+01   0.3758E+01   6.738   0.1917E+01   0.4331E+00 383.944
  0.3251E-04   0.4770E+01   0.3783E+01   6.759   0.1926E+01   0.4317E+00 370.201
  0.3388E-04   0.4701E+01   0.3803E+01   6.759   0.1926E+01   0.4317E+00 370.201
  0.3532E-04   0.4633E+01   0.3802E+01   6.780   0.1935E+01   0.4306E+00 356.744
  0.3681E-04   0.4565E+01   0.3827E+01   6.802   0.1944E+01   0.4292E+00 343.533
  0.3837E-04   0.4496E+01   0.3837E+01   6.802   0.1944E+01   0.4292E+00 343.533
  0.3999E-04   0.4427E+01   0.3831E+01   6.824   0.1953E+01   0.4281E+00 330.599
  0.4169E-04   0.4358E+01   0.3848E+01   6.845   0.1962E+01   0.4269E+00 319.160
  0.4345E-04   0.4288E+01   0.3843E+01   6.845   0.1962E+01   0.4269E+00 319.160
  0.4529E-04   0.4219E+01   0.3836E+01   6.866   0.1971E+01   0.4254E+00 307.853
  0.4721E-04   0.4150E+01   0.3842E+01   6.866   0.1971E+01   0.4254E+00 307.853
  0.4920E-04   0.4081E+01   0.3828E+01   6.889   0.1980E+01   0.4243E+00 296.092
  0.5129E-04   0.4012E+01   0.3822E+01   6.910   0.1989E+01   0.4231E+00 285.493
  0.5346E-04   0.3943E+01   0.3817E+01   6.932   0.1998E+01   0.4219E+00 275.101
  0.5572E-04   0.3875E+01   0.3795E+01   6.974   0.2016E+01   0.4194E+00 256.114
  0.5808E-04   0.3806E+01   0.3786E+01   6.974   0.2016E+01   0.4194E+00 256.114
  0.6053E-04   0.3738E+01   0.3770E+01   6.997   0.2025E+01   0.4182E+00 246.566
  0.6310E-04   0.3670E+01   0.3736E+01   7.019   0.2034E+01   0.4170E+00 237.268
  0.6577E-04   0.3603E+01   0.3728E+01   7.040   0.2043E+01   0.4160E+00 229.043
  0.6855E-04   0.3536E+01   0.3703E+01   7.062   0.2052E+01   0.4147E+00 220.956
  0.7145E-04   0.3469E+01   0.3671E+01   7.084   0.2061E+01   0.4134E+00 213.089
  0.7447E-04   0.3403E+01   0.3654E+01   7.094   0.2070E+01   0.4125E+00 209.466
  0.7762E-04   0.3337E+01   0.3622E+01   7.108   0.2079E+01   0.4112E+00 204.820
  0.8091E-04   0.3272E+01   0.3590E+01   7.128   0.2088E+01   0.4101E+00 198.018
  0.8433E-04   0.3208E+01   0.3564E+01   7.151   0.2097E+01   0.4088E+00 190.659
  0.8790E-04   0.3144E+01   0.3523E+01   7.174   0.2106E+01   0.4078E+00 183.686
  0.9162E-04   0.3080E+01   0.3491E+01   7.197   0.2115E+01   0.4068E+00 176.744
  0.9550E-04   0.3017E+01   0.3458E+01   7.241   0.2133E+01   0.4043E+00 164.602
  0.9954E-04   0.2955E+01   0.3411E+01   7.287   0.2151E+01   0.4022E+00 152.773
  0.1038E-03   0.2894E+01   0.3382E+01   7.333   0.2169E+01   0.4000E+00 141.924
  0.1081E-03   0.2833E+01   0.3344E+01   7.356   0.2178E+01   0.3989E+00 136.780
  0.1127E-03   0.2773E+01   0.3296E+01   7.380   0.2187E+01   0.3978E+00 131.709
  0.1175E-03   0.2713E+01   0.3263E+01   7.412   0.2205E+01   0.3958E+00 125.171
  0.1225E-03   0.2655E+01   0.3218E+01   7.426   0.2214E+01   0.3947E+00 122.367
  0.1276E-03   0.2597E+01   0.3172E+01   7.471   0.2232E+01   0.3926E+00 114.007
  0.1330E-03   0.2539E+01   0.3134E+01   7.519   0.2250E+01   0.3903E+00 105.652
  0.1387E-03   0.2483E+01   0.3086E+01   7.542   0.2259E+01   0.3894E+00 101.894
  0.1445E-03   0.2428E+01   0.3043E+01   7.590   0.2277E+01   0.3873E+00  94.603
  0.1507E-03   0.2373E+01   0.3001E+01   7.600   0.2286E+01   0.3864E+00  93.163
  0.1570E-03   0.2319E+01   0.2950E+01   7.613   0.2295E+01   0.3851E+00  91.271
  0.1637E-03   0.2266E+01   0.2909E+01   7.662   0.2313E+01   0.3833E+00  84.629
  0.1706E-03   0.2213E+01   0.2863E+01   7.685   0.2322E+01   0.3823E+00  81.721
  0.1778E-03   0.2162E+01   0.2809E+01   7.734   0.2340E+01   0.3804E+00  75.850
  0.1854E-03   0.2111E+01   0.2769E+01   7.782   0.2358E+01   0.3781E+00  70.562
  0.1932E-03   0.2061E+01   0.2722E+01   7.819   0.2376E+01   0.3764E+00  66.738
  0.2014E-03   0.2012E+01   0.2672E+01   7.855   0.2394E+01   0.3744E+00  63.163
  0.2099E-03   0.1964E+01   0.2631E+01   7.880   0.2403E+01   0.3734E+00  60.820
  0.2188E-03   0.1917E+01   0.2582E+01   7.929   0.2421E+01   0.3716E+00  56.594
  0.2280E-03   0.1870E+01   0.2534E+01   7.955   0.2430E+01   0.3706E+00  54.440
  0.2377E-03   0.1825E+01   0.2491E+01   8.005   0.2448E+01   0.3688E+00  50.554
  0.2477E-03   0.1780E+01   0.2440E+01   8.041   0.2466E+01   0.3669E+00  48.004
  0.2582E-03   0.1736E+01   0.2396E+01   8.081   0.2484E+01   0.3651E+00  45.254
  0.2692E-03   0.1693E+01   0.2352E+01   8.132   0.2502E+01   0.3632E+00  42.029
  0.2805E-03   0.1651E+01   0.2301E+01   8.184   0.2520E+01   0.3613E+00  39.004
  0.2924E-03   0.1609E+01   0.2261E+01   8.207   0.2529E+01   0.3604E+00  37.718
  0.3048E-03   0.1568E+01   0.2216E+01   8.246   0.2547E+01   0.3588E+00  35.658
  0.3177E-03   0.1529E+01   0.2168E+01   8.286   0.2565E+01   0.3571E+00  33.707
  0.3311E-03   0.1490E+01   0.2128E+01   8.311   0.2574E+01   0.3559E+00  32.527
  0.3451E-03   0.1451E+01   0.2083E+01   8.364   0.2592E+01   0.3542E+00  30.175
  0.3597E-03   0.1414E+01   0.2038E+01   8.415   0.2610E+01   0.3527E+00  28.091
  0.3750E-03   0.1377E+01   0.1998E+01   8.444   0.2628E+01   0.3510E+00  26.988
  0.3908E-03   0.1341E+01   0.1953E+01   8.494   0.2646E+01   0.3491E+00  25.161
  0.4074E-03   0.1306E+01   0.1912E+01   8.521   0.2655E+01   0.3482E+00  24.241
  0.4246E-03   0.1272E+01   0.1873E+01   8.576   0.2673E+01   0.3467E+00  22.482
  0.4426E-03   0.1238E+01   0.1829E+01   8.629   0.2691E+01   0.3451E+00  20.920
  0.4613E-03   0.1205E+01   0.1791E+01   8.668   0.2709E+01   0.3435E+00  19.835
  0.4808E-03   0.1173E+01   0.1752E+01   8.710   0.2727E+01   0.3419E+00  18.736
  0.5012E-03   0.1141E+01   0.1708E+01   8.766   0.2745E+01   0.3403E+00  17.374
  0.5224E-03   0.1110E+01   0.1673E+01   8.793   0.2754E+01   0.3393E+00  16.756
  0.5445E-03   0.1080E+01   0.1635E+01   8.832   0.2772E+01   0.3379E+00  15.914
  0.5675E-03   0.1051E+01   0.1596E+01   8.878   0.2790E+01   0.3363E+00  14.962
  0.5916E-03   0.1022E+01   0.1562E+01   8.931   0.2808E+01   0.3348E+00  13.958
  0.6166E-03   0.9940E+00   0.1524E+01   8.988   0.2826E+01   0.3331E+00  12.944
  0.6427E-03   0.9666E+00   0.1488E+01   9.017   0.2835E+01   0.3324E+00  12.464
  0.6699E-03   0.9398E+00   0.1455E+01   9.045   0.2853E+01   0.3309E+00  12.025
  0.6982E-03   0.9136E+00   0.1418E+01   9.100   0.2871E+01   0.3294E+00  11.187
  0.7278E-03   0.8881E+00   0.1385E+01   9.157   0.2889E+01   0.3279E+00  10.393
  0.7586E-03   0.8632E+00   0.1352E+01   9.188   0.2898E+01   0.3272E+00   9.993
  0.7907E-03   0.8388E+00   0.1317E+01   9.216   0.2916E+01   0.3256E+00   9.645
  0.8241E-03   0.8151E+00   0.1287E+01   9.276   0.2934E+01   0.3241E+00   8.936
  0.8590E-03   0.7920E+00   0.1256E+01   9.332   0.2952E+01   0.3228E+00   8.320
  0.8954E-03   0.7694E+00   0.1223E+01   9.361   0.2961E+01   0.3220E+00   8.020
  0.9333E-03   0.7474E+00   0.1194E+01   9.402   0.2979E+01   0.3207E+00   7.620
  0.9727E-03   0.7259E+00   0.1164E+01   9.451   0.2997E+01   0.3191E+00   7.169
  0.1014E-02   0.7049E+00   0.1133E+01   9.481   0.3006E+01   0.3186E+00   6.910
  0.1057E-02   0.6845E+00   0.1106E+01   9.538   0.3024E+01   0.3172E+00   6.440
  0.1102E-02   0.6646E+00   0.1077E+01   9.581   0.3042E+01   0.3159E+00   6.107
  0.1148E-02   0.6452E+00   0.1049E+01   9.599   0.3051E+01   0.3150E+00   5.973
  0.1197E-02   0.6263E+00   0.1023E+01   9.659   0.3069E+01   0.3136E+00   5.552
  0.1247E-02   0.6079E+00   0.9951E+00   9.720   0.3087E+01   0.3122E+00   5.155
  0.1300E-02   0.5900E+00   0.9700E+00   9.752   0.3096E+01   0.3117E+00   4.961
  0.1355E-02   0.5726E+00   0.9446E+00   9.781   0.3114E+01   0.3102E+00   4.788
  0.1413E-02   0.5556E+00   0.9178E+00   9.809   0.3123E+01   0.3096E+00   4.627
  0.1472E-02   0.5390E+00   0.8950E+00   9.875   0.3141E+01   0.3082E+00   4.281
  0.1535E-02   0.5229E+00   0.8709E+00   9.905   0.3150E+01   0.3076E+00   4.130
  0.1600E-02   0.5072E+00   0.8465E+00   9.935   0.3168E+01   0.3064E+00   3.984
  0.1667E-02   0.4920E+00   0.8249E+00   9.965   0.3177E+01   0.3058E+00   3.843
  0.1738E-02   0.4772E+00   0.8020E+00  10.029   0.3195E+01   0.3043E+00   3.567
  0.1811E-02   0.4627E+00   0.7799E+00  10.061   0.3204E+01   0.3037E+00   3.436
  0.1888E-02   0.4487E+00   0.7591E+00  10.109   0.3222E+01   0.3025E+00   3.248
  0.1968E-02   0.4350E+00   0.7372E+00  10.126   0.3231E+01   0.3019E+00   3.184
  0.2051E-02   0.4218E+00   0.7171E+00  10.188   0.3249E+01   0.3006E+00   2.964
  0.2138E-02   0.4088E+00   0.6974E+00  10.221   0.3258E+01   0.3000E+00   2.853
  0.2228E-02   0.3963E+00   0.6768E+00  10.251   0.3267E+01   0.2993E+00   2.758
  0.2323E-02   0.3841E+00   0.6587E+00  10.300   0.3285E+01   0.2980E+00   2.606
  0.2421E-02   0.3723E+00   0.6401E+00  10.316   0.3294E+01   0.2974E+00   2.558
  0.2523E-02   0.3607E+00   0.6211E+00  10.347   0.3303E+01   0.2967E+00   2.471
  0.2630E-02   0.3496E+00   0.6042E+00  10.412   0.3321E+01   0.2957E+00   2.295
  0.2742E-02   0.3387E+00   0.5866E+00  10.448   0.3330E+01   0.2951E+00   2.204
  0.2858E-02   0.3281E+00   0.5693E+00  10.501   0.3348E+01   0.2937E+00   2.076
  0.2979E-02   0.3179E+00   0.5534E+00  10.513   0.3357E+01   0.2934E+00   2.047
  0.3105E-02   0.3079E+00   0.5368E+00  10.545   0.3366E+01   0.2927E+00   1.976
  0.3236E-02   0.2983E+00   0.5213E+00  10.578   0.3375E+01   0.2920E+00   1.905
  0.3373E-02   0.2889E+00   0.5064E+00  10.610   0.3393E+01   0.2909E+00   1.839
  0.3516E-02   0.2798E+00   0.4909E+00  10.642   0.3402E+01   0.2902E+00   1.774
  0.3664E-02   0.2709E+00   0.4768E+00  10.680   0.3411E+01   0.2899E+00   1.702
  0.3819E-02   0.2623E+00   0.4627E+00  10.713   0.3420E+01   0.2892E+00   1.640
  0.3981E-02   0.2540E+00   0.4482E+00  10.749   0.3429E+01   0.2885E+00   1.578
  0.4150E-02   0.2459E+00   0.4354E+00  10.811   0.3447E+01   0.2873E+00   1.475
  0.4325E-02   0.2381E+00   0.4223E+00  10.823   0.3456E+01   0.2869E+00   1.455
  0.4508E-02   0.2305E+00   0.4092E+00  10.845   0.3465E+01   0.2862E+00   1.420
  0.4699E-02   0.2231E+00   0.3974E+00  10.879   0.3474E+01   0.2858E+00   1.370
  0.4898E-02   0.2160E+00   0.3851E+00  10.916   0.3483E+01   0.2851E+00   1.316
  0.5105E-02   0.2091E+00   0.3734E+00  10.949   0.3492E+01   0.2847E+00   1.269
  0.5321E-02   0.2023E+00   0.3622E+00  10.981   0.3501E+01   0.2839E+00   1.227
  0.5546E-02   0.1958E+00   0.3508E+00  10.995   0.3510E+01   0.2835E+00   1.209
  0.5781E-02   0.1895E+00   0.3402E+00  11.019   0.3519E+01   0.2828E+00   1.178
  0.6026E-02   0.1834E+00   0.3298E+00  11.049   0.3528E+01   0.2823E+00   1.142
  0.6281E-02   0.1774E+00   0.3192E+00  11.086   0.3537E+01   0.2819E+00   1.097
  0.6546E-02   0.1717E+00   0.3097E+00  11.124   0.3546E+01   0.2812E+00   1.054
  0.6823E-02   0.1661E+00   0.3001E+00  11.154   0.3555E+01   0.2807E+00   1.021
  0.7112E-02   0.1607E+00   0.2904E+00  11.168   0.3564E+01   0.2803E+00   1.006
  0.7413E-02   0.1555E+00   0.2817E+00  11.191   0.3573E+01   0.2795E+00   0.982
  0.7727E-02   0.1504E+00   0.2728E+00  11.191   0.3573E+01   0.2795E+00   0.982
  0.8054E-02   0.1455E+00   0.2641E+00  11.228   0.3582E+01   0.2791E+00   0.944
  0.8395E-02   0.1408E+00   0.2560E+00  11.260   0.3591E+01   0.2786E+00   0.913
  0.8750E-02   0.1361E+00   0.2478E+00  11.295   0.3600E+01   0.2778E+00   0.881
  0.9120E-02   0.1317E+00   0.2400E+00  11.295   0.3600E+01   0.2778E+00   0.881
  0.9506E-02   0.1274E+00   0.2325E+00  11.333   0.3609E+01   0.2774E+00   0.847
  0.9908E-02   0.1232E+00   0.2249E+00  11.351   0.3618E+01   0.2769E+00   0.831
  0.1033E-01   0.1191E+00   0.2179E+00  11.371   0.3627E+01   0.2765E+00   0.814
  0.1076E-01   0.1152E+00   0.2110E+00  11.371   0.3627E+01   0.2765E+00   0.814
  0.1122E-01   0.1114E+00   0.2040E+00  11.404   0.3636E+01   0.2760E+00   0.787
  0.1169E-01   0.1077E+00   0.1977E+00  11.439   0.3645E+01   0.2752E+00   0.759
  0.1219E-01   0.1042E+00   0.1913E+00  11.439   0.3645E+01   0.2752E+00   0.759
  0.1271E-01   0.1007E+00   0.1850E+00  11.473   0.3654E+01   0.2747E+00   0.733
  0.1324E-01   0.9740E-01   0.1793E+00  11.473   0.3654E+01   0.2747E+00   0.733
  0.1380E-01   0.9418E-01   0.1734E+00  11.513   0.3663E+01   0.2743E+00   0.704
  0.1439E-01   0.9105E-01   0.1678E+00  11.513   0.3663E+01   0.2743E+00   0.704
  0.1500E-01   0.8803E-01   0.1625E+00  11.530   0.3672E+01   0.2738E+00   0.691
  0.1563E-01   0.8511E-01   0.1571E+00  11.530   0.3672E+01   0.2738E+00   0.691
  0.1629E-01   0.8228E-01   0.1521E+00  11.548   0.3681E+01   0.2733E+00   0.679
  0.1698E-01   0.7954E-01   0.1472E+00  11.548   0.3681E+01   0.2733E+00   0.679
  0.1770E-01   0.7689E-01   0.1422E+00  11.583   0.3690E+01   0.2728E+00   0.655
  0.1845E-01   0.7433E-01   0.1377E+00  11.583   0.3690E+01   0.2728E+00   0.655
  0.1923E-01   0.7186E-01   0.1333E+00  11.619   0.3699E+01   0.2723E+00   0.632
  0.2004E-01   0.6946E-01   0.1288E+00  11.619   0.3699E+01   0.2723E+00   0.632
  0.2089E-01   0.6714E-01   0.1247E+00  11.619   0.3699E+01   0.2723E+00   0.632
  0.2178E-01   0.6489E-01   0.1206E+00  11.655   0.3708E+01   0.2718E+00   0.609
  0.2270E-01   0.6272E-01   0.1166E+00  11.655   0.3708E+01   0.2718E+00   0.609
  0.2366E-01   0.6063E-01   0.1128E+00  11.655   0.3708E+01   0.2718E+00   0.609
  0.2466E-01   0.5860E-01   0.1090E+00  11.692   0.3717E+01   0.2710E+00   0.586
  0.2570E-01   0.5663E-01   0.1055E+00  11.692   0.3717E+01   0.2710E+00   0.586
  0.2679E-01   0.5473E-01   0.1021E+00  11.692   0.3717E+01   0.2710E+00   0.586
  0.2793E-01   0.5290E-01   0.9861E-01  11.692   0.3717E+01   0.2710E+00   0.586
  0.2911E-01   0.5112E-01   0.9542E-01  11.692   0.3717E+01   0.2710E+00   0.586
  0.3034E-01   0.4940E-01   0.9228E-01  11.692   0.3717E+01   0.2710E+00   0.586
  0.3162E-01   0.4774E-01   0.8910E-01  11.692   0.3717E+01   0.2710E+00   0.586
  0.3296E-01   0.4614E-01   0.8627E-01  11.692   0.3717E+01   0.2710E+00   0.586
  0.3436E-01   0.4459E-01   0.8340E-01  11.692   0.3717E+01   0.2710E+00   0.586
  0.3581E-01   0.4309E-01   0.8058E-01  11.692   0.3717E+01   0.2710E+00   0.586
  0.3733E-01   0.4164E-01   0.7799E-01  11.692   0.3717E+01   0.2710E+00   0.586
  0.3890E-01   0.4023E-01   0.7537E-01  11.692   0.3717E+01   0.2710E+00   0.586
  0.4055E-01   0.3887E-01   0.7285E-01  11.692   0.3717E+01   0.2710E+00   0.586
  0.4227E-01   0.3756E-01   0.7048E-01  11.692   0.3717E+01   0.2710E+00   0.586
  0.4406E-01   0.3629E-01   0.6807E-01  11.692   0.3717E+01   0.2710E+00   0.586
  0.4592E-01   0.3507E-01   0.6583E-01  11.692   0.3717E+01   0.2710E+00   0.586
  0.4786E-01   0.3388E-01   0.6366E-01  11.692   0.3717E+01   0.2710E+00   0.586
  0.4989E-01   0.3274E-01   0.6147E-01  11.692   0.3717E+01   0.2710E+00   0.586
  0.5200E-01   0.3163E-01   0.5948E-01  11.692   0.3717E+01   0.2710E+00   0.586
  0.5420E-01   0.3056E-01   0.5751E-01  11.692   0.3717E+01   0.2710E+00   0.586
  0.5649E-01   0.2953E-01   0.5553E-01  11.692   0.3717E+01   0.2710E+00   0.586
  0.5888E-01   0.2853E-01   0.5373E-01  11.692   0.3717E+01   0.2710E+00   0.586
  0.6138E-01   0.2756E-01   0.5192E-01  11.692   0.3717E+01   0.2710E+00   0.586
  0.6397E-01   0.2663E-01   0.5016E-01  11.692   0.3717E+01   0.2710E+00   0.586
  0.6668E-01   0.2572E-01   0.4852E-01  11.692   0.3717E+01   0.2710E+00   0.586
  0.6950E-01   0.2485E-01   0.4686E-01  11.692   0.3717E+01   0.2710E+00   0.586
  0.7244E-01   0.2401E-01   0.4530E-01  11.655   0.3708E+01   0.2718E+00   0.609
  0.7551E-01   0.2319E-01   0.4381E-01  11.655   0.3708E+01   0.2718E+00   0.609
  0.7870E-01   0.2240E-01   0.4230E-01  11.655   0.3708E+01   0.2718E+00   0.609
  0.8204E-01   0.2164E-01   0.4091E-01  11.619   0.3699E+01   0.2723E+00   0.632
  0.8551E-01   0.2090E-01   0.3954E-01  11.619   0.3699E+01   0.2723E+00   0.632
  0.8913E-01   0.2019E-01   0.3816E-01  11.619   0.3699E+01   0.2723E+00   0.632
  0.9290E-01   0.1950E-01   0.3693E-01  11.583   0.3690E+01   0.2728E+00   0.655
  0.9683E-01   0.1884E-01   0.3568E-01  11.583   0.3690E+01   0.2728E+00   0.655
  0.1009E+00   0.1820E-01   0.3446E-01  11.583   0.3690E+01   0.2728E+00   0.655
  0.1052E+00   0.1758E-01   0.3334E-01  11.548   0.3681E+01   0.2733E+00   0.679
  0.1096E+00   0.1698E-01   0.3220E-01  11.548   0.3681E+01   0.2733E+00   0.679
  0.1143E+00   0.1640E-01   0.3111E-01  11.530   0.3672E+01   0.2738E+00   0.691
  0.1191E+00   0.1584E-01   0.3009E-01  11.530   0.3672E+01   0.2738E+00   0.691
  0.1242E+00   0.1530E-01   0.2905E-01  11.513   0.3663E+01   0.2743E+00   0.704
  0.1294E+00   0.1477E-01   0.2808E-01  11.513   0.3663E+01   0.2743E+00   0.704
  0.1349E+00   0.1427E-01   0.2714E-01  11.473   0.3654E+01   0.2747E+00   0.733
  0.1406E+00   0.1378E-01   0.2620E-01  11.473   0.3654E+01   0.2747E+00   0.733
  0.1466E+00   0.1331E-01   0.2534E-01  11.439   0.3645E+01   0.2752E+00   0.759
  0.1528E+00   0.1285E-01   0.2449E-01  11.439   0.3645E+01   0.2752E+00   0.759
  0.1592E+00   0.1241E-01   0.2364E-01  11.439   0.3645E+01   0.2752E+00   0.759
  0.1660E+00   0.1199E-01   0.2287E-01  11.404   0.3636E+01   0.2760E+00   0.787
  0.1730E+00   0.1157E-01   0.2209E-01  11.371   0.3627E+01   0.2765E+00   0.814
  0.1803E+00   0.1118E-01   0.2133E-01  11.371   0.3627E+01   0.2765E+00   0.814
  0.1879E+00   0.1079E-01   0.2063E-01  11.351   0.3618E+01   0.2769E+00   0.831
  0.1959E+00   0.1042E-01   0.1992E-01  11.333   0.3609E+01   0.2774E+00   0.847
  0.2042E+00   0.1006E-01   0.1925E-01  11.333   0.3609E+01   0.2774E+00   0.847
  0.2128E+00   0.9716E-02   0.1861E-01  11.295   0.3600E+01   0.2778E+00   0.881
  0.2218E+00   0.9381E-02   0.1796E-01  11.295   0.3600E+01   0.2778E+00   0.881
  0.2312E+00   0.9058E-02   0.1737E-01  11.260   0.3591E+01   0.2786E+00   0.913
  0.2410E+00   0.8745E-02   0.1678E-01  11.228   0.3582E+01   0.2791E+00   0.944
  0.2512E+00   0.8443E-02   0.1619E-01  11.191   0.3573E+01   0.2795E+00   0.982
  0.2618E+00   0.8151E-02   0.1566E-01  11.191   0.3573E+01   0.2795E+00   0.982
  0.2729E+00   0.7869E-02   0.1513E-01  11.168   0.3564E+01   0.2803E+00   1.006
  0.2844E+00   0.7597E-02   0.1461E-01  11.154   0.3555E+01   0.2807E+00   1.021
  0.2965E+00   0.7334E-02   0.1413E-01  11.154   0.3555E+01   0.2807E+00   1.021
  0.3090E+00   0.7080E-02   0.1364E-01  11.124   0.3546E+01   0.2812E+00   1.054
  0.3221E+00   0.6834E-02   0.1318E-01  11.086   0.3537E+01   0.2819E+00   1.097
  0.3357E+00   0.6597E-02   0.1274E-01  11.049   0.3528E+01   0.2823E+00   1.142
  0.3499E+00   0.6368E-02   0.1230E-01  11.019   0.3519E+01   0.2828E+00   1.178
  0.3648E+00   0.6147E-02   0.1188E-01  11.019   0.3519E+01   0.2828E+00   1.178
  0.3802E+00   0.5933E-02   0.1148E-01  10.995   0.3510E+01   0.2835E+00   1.209
  0.3963E+00   0.5726E-02   0.1108E-01  10.981   0.3501E+01   0.2839E+00   1.227
  0.4130E+00   0.5527E-02   0.1071E-01  10.981   0.3501E+01   0.2839E+00   1.227
  0.4305E+00   0.5334E-02   0.1035E-01  10.949   0.3492E+01   0.2847E+00   1.269
  0.4487E+00   0.5147E-02   0.9990E-02  10.916   0.3483E+01   0.2851E+00   1.316
  0.4677E+00   0.4968E-02   0.9660E-02  10.879   0.3474E+01   0.2858E+00   1.370
  0.4875E+00   0.4794E-02   0.9328E-02  10.845   0.3465E+01   0.2862E+00   1.420
  0.5082E+00   0.4626E-02   0.9006E-02  10.823   0.3456E+01   0.2869E+00   1.455
  0.5297E+00   0.4464E-02   0.8706E-02  10.811   0.3447E+01   0.2873E+00   1.475
  0.5521E+00   0.4307E-02   0.8404E-02  10.811   0.3447E+01   0.2873E+00   1.475
  0.5754E+00   0.4156E-02   0.8119E-02  10.749   0.3429E+01   0.2885E+00   1.578
  0.5998E+00   0.4010E-02   0.7846E-02  10.749   0.3429E+01   0.2885E+00   1.578
  0.6252E+00   0.3868E-02   0.7572E-02  10.713   0.3420E+01   0.2892E+00   1.640
  0.6516E+00   0.3732E-02   0.7318E-02  10.680   0.3411E+01   0.2899E+00   1.702
  0.6792E+00   0.3600E-02   0.7069E-02  10.642   0.3402E+01   0.2902E+00   1.774
  0.7079E+00   0.3473E-02   0.6818E-02  10.610   0.3393E+01   0.2909E+00   1.839
  0.7379E+00   0.3350E-02   0.6593E-02  10.589   0.3384E+01   0.2916E+00   1.882
  0.7691E+00   0.3232E-02   0.6367E-02  10.578   0.3375E+01   0.2920E+00   1.905
  0.8017E+00   0.3117E-02   0.6144E-02  10.545   0.3366E+01   0.2927E+00   1.976
  0.8356E+00   0.3006E-02   0.5940E-02  10.545   0.3366E+01   0.2927E+00   1.976
  0.8710E+00   0.2900E-02   0.5734E-02  10.501   0.3348E+01   0.2937E+00   2.076
  0.9078E+00   0.2796E-02   0.5536E-02  10.479   0.3339E+01   0.2944E+00   2.128
  0.9462E+00   0.2697E-02   0.5350E-02  10.479   0.3339E+01   0.2944E+00   2.128
  0.9863E+00   0.2600E-02   0.5162E-02  10.448   0.3330E+01   0.2951E+00   2.204
  0.1028E+01   0.2507E-02   0.4986E-02  10.412   0.3321E+01   0.2957E+00   2.295
  0.1072E+01   0.2418E-02   0.4816E-02  10.347   0.3303E+01   0.2967E+00   2.471
  0.1117E+01   0.2331E-02   0.4646E-02  10.316   0.3294E+01   0.2974E+00   2.558
  0.1164E+01   0.2247E-02   0.4490E-02  10.300   0.3285E+01   0.2980E+00   2.606
  0.1213E+01   0.2167E-02   0.4336E-02  10.284   0.3276E+01   0.2987E+00   2.654
  0.1265E+01   0.2089E-02   0.4182E-02  10.251   0.3267E+01   0.2993E+00   2.758
  0.1318E+01   0.2013E-02   0.4042E-02  10.251   0.3267E+01   0.2993E+00   2.758
  0.1374E+01   0.1941E-02   0.3901E-02  10.221   0.3258E+01   0.3000E+00   2.853
  0.1432E+01   0.1870E-02   0.3765E-02  10.155   0.3240E+01   0.3012E+00   3.080
  0.1493E+01   0.1803E-02   0.3637E-02  10.126   0.3231E+01   0.3019E+00   3.184
  0.1556E+01   0.1737E-02   0.3509E-02  10.109   0.3222E+01   0.3025E+00   3.248
  0.1622E+01   0.1674E-02   0.3388E-02  10.093   0.3213E+01   0.3031E+00   3.310
  0.1690E+01   0.1613E-02   0.3272E-02  10.061   0.3204E+01   0.3037E+00   3.436
  0.1762E+01   0.1554E-02   0.3156E-02  10.029   0.3195E+01   0.3043E+00   3.567
  0.1837E+01   0.1497E-02   0.3048E-02   9.998   0.3186E+01   0.3049E+00   3.700
  0.1914E+01   0.1442E-02   0.2943E-02   9.965   0.3177E+01   0.3058E+00   3.843
  0.1995E+01   0.1389E-02   0.2837E-02   9.935   0.3168E+01   0.3064E+00   3.984
  0.2080E+01   0.1338E-02   0.2741E-02   9.920   0.3159E+01   0.3070E+00   4.057
  0.2168E+01   0.1289E-02   0.2645E-02   9.905   0.3150E+01   0.3076E+00   4.130
  0.2259E+01   0.1241E-02   0.2551E-02   9.875   0.3141E+01   0.3082E+00   4.281
  0.2355E+01   0.1195E-02   0.2464E-02   9.844   0.3132E+01   0.3091E+00   4.441
  0.2455E+01   0.1151E-02   0.2377E-02   9.809   0.3123E+01   0.3096E+00   4.627
  0.2559E+01   0.1108E-02   0.2293E-02   9.781   0.3114E+01   0.3102E+00   4.788
  0.2667E+01   0.1067E-02   0.2214E-02   9.763   0.3105E+01   0.3111E+00   4.893
  0.2780E+01   0.1027E-02   0.2135E-02   9.720   0.3087E+01   0.3122E+00   5.155
  0.2897E+01   0.9887E-03   0.2060E-02   9.720   0.3087E+01   0.3122E+00   5.155
  0.3020E+01   0.9516E-03   0.1988E-02   9.659   0.3069E+01   0.3136E+00   5.552
  0.3148E+01   0.9158E-03   0.1916E-02   9.630   0.3060E+01   0.3145E+00   5.749
  0.3281E+01   0.8813E-03   0.1850E-02   9.599   0.3051E+01   0.3150E+00   5.973
  0.3420E+01   0.8480E-03   0.1785E-02   9.581   0.3042E+01   0.3159E+00   6.107
  0.3565E+01   0.8159E-03   0.1720E-02   9.569   0.3033E+01   0.3164E+00   6.193
  0.3715E+01   0.7849E-03   0.1661E-02   9.538   0.3024E+01   0.3172E+00   6.440
  0.3873E+01   0.7550E-03   0.1602E-02   9.508   0.3015E+01   0.3177E+00   6.681
  0.4036E+01   0.7262E-03   0.1544E-02   9.451   0.2997E+01   0.3191E+00   7.169
  0.4207E+01   0.6984E-03   0.1490E-02   9.451   0.2997E+01   0.3191E+00   7.169
  0.4385E+01   0.6716E-03   0.1436E-02   9.421   0.2988E+01   0.3199E+00   7.447
  0.4571E+01   0.6458E-03   0.1385E-02   9.391   0.2970E+01   0.3212E+00   7.730
  0.4764E+01   0.6208E-03   0.1336E-02   9.361   0.2961E+01   0.3220E+00   8.020
  0.4966E+01   0.5968E-03   0.1287E-02   9.332   0.2952E+01   0.3228E+00   8.320
  0.5176E+01   0.5736E-03   0.1241E-02   9.303   0.2943E+01   0.3236E+00   8.628
  0.5395E+01   0.5513E-03   0.1197E-02   9.276   0.2934E+01   0.3241E+00   8.936
  0.5623E+01   0.5297E-03   0.1152E-02   9.247   0.2925E+01   0.3249E+00   9.271
  0.5861E+01   0.5090E-03   0.1112E-02   9.216   0.2916E+01   0.3256E+00   9.645
  0.6109E+01   0.4890E-03   0.1072E-02   9.188   0.2898E+01   0.3272E+00   9.993
  0.6368E+01   0.4697E-03   0.1032E-02   9.157   0.2889E+01   0.3279E+00  10.393
  0.6637E+01   0.4511E-03   0.9955E-03   9.131   0.2880E+01   0.3287E+00  10.752
  0.6918E+01   0.4332E-03   0.9588E-03   9.100   0.2871E+01   0.3294E+00  11.187
  0.7211E+01   0.4159E-03   0.9237E-03   9.074   0.2862E+01   0.3302E+00  11.579
  0.7516E+01   0.3993E-03   0.8903E-03   9.045   0.2853E+01   0.3309E+00  12.025
  0.7834E+01   0.3833E-03   0.8570E-03   9.031   0.2844E+01   0.3317E+00  12.244
  0.8166E+01   0.3678E-03   0.8258E-03   8.988   0.2826E+01   0.3331E+00  12.944
  0.8511E+01   0.3530E-03   0.7957E-03   8.959   0.2817E+01   0.3338E+00  13.441
  0.8872E+01   0.3387E-03   0.7655E-03   8.931   0.2808E+01   0.3348E+00  13.958
  0.9247E+01   0.3249E-03   0.7378E-03   8.906   0.2799E+01   0.3356E+00  14.418
  0.9638E+01   0.3116E-03   0.7105E-03   8.878   0.2790E+01   0.3363E+00  14.962
  0.1005E+02   0.2988E-03   0.6834E-03   8.848   0.2781E+01   0.3369E+00  15.576
  0.1047E+02   0.2865E-03   0.6585E-03   8.832   0.2772E+01   0.3379E+00  15.914
  0.1091E+02   0.2747E-03   0.6336E-03   8.793   0.2754E+01   0.3393E+00  16.756
  0.1138E+02   0.2633E-03   0.6096E-03   8.766   0.2745E+01   0.3403E+00  17.374
  0.1186E+02   0.2523E-03   0.5871E-03   8.740   0.2736E+01   0.3410E+00  17.990
  0.1236E+02   0.2417E-03   0.5647E-03   8.710   0.2727E+01   0.3419E+00  18.736
  0.1288E+02   0.2315E-03   0.5434E-03   8.685   0.2718E+01   0.3426E+00  19.391
  0.1343E+02   0.2218E-03   0.5230E-03   8.668   0.2709E+01   0.3435E+00  19.835
  0.1400E+02   0.2124E-03   0.5026E-03   8.657   0.2700E+01   0.3442E+00  20.132
  0.1459E+02   0.2033E-03   0.4837E-03   8.604   0.2682E+01   0.3458E+00  21.633
  0.1521E+02   0.1946E-03   0.4652E-03   8.576   0.2673E+01   0.3467E+00  22.482
  0.1585E+02   0.1862E-03   0.4468E-03   8.548   0.2664E+01   0.3476E+00  23.355
  0.1652E+02   0.1782E-03   0.4301E-03   8.521   0.2655E+01   0.3482E+00  24.241
  0.1722E+02   0.1704E-03   0.4134E-03   8.494   0.2646E+01   0.3491E+00  25.161
  0.1795E+02   0.1630E-03   0.3970E-03   8.470   0.2637E+01   0.3501E+00  26.014
  0.1871E+02   0.1559E-03   0.3819E-03   8.444   0.2628E+01   0.3510E+00  26.988
  0.1950E+02   0.1490E-03   0.3667E-03   8.429   0.2619E+01   0.3518E+00  27.539
  0.2032E+02   0.1424E-03   0.3522E-03   8.389   0.2601E+01   0.3536E+00  29.141
  0.2118E+02   0.1360E-03   0.3386E-03   8.364   0.2592E+01   0.3542E+00  30.175
  0.2208E+02   0.1299E-03   0.3249E-03   8.339   0.2583E+01   0.3551E+00  31.273
  0.2301E+02   0.1241E-03   0.3121E-03   8.311   0.2574E+01   0.3559E+00  32.527
  0.2399E+02   0.1185E-03   0.2997E-03   8.286   0.2565E+01   0.3571E+00  33.707
  0.2500E+02   0.1131E-03   0.2874E-03   8.259   0.2556E+01   0.3579E+00  35.010
  0.2606E+02   0.1079E-03   0.2761E-03   8.234   0.2538E+01   0.3596E+00  36.315
  0.2716E+02   0.1029E-03   0.2649E-03   8.207   0.2529E+01   0.3604E+00  37.718
  0.2831E+02   0.9817E-04   0.2538E-03   8.184   0.2520E+01   0.3613E+00  39.004
  0.2951E+02   0.9361E-04   0.2438E-03   8.157   0.2511E+01   0.3624E+00  40.511
  0.3076E+02   0.8922E-04   0.2337E-03   8.132   0.2502E+01   0.3632E+00  42.029
  0.3206E+02   0.8501E-04   0.2240E-03   8.107   0.2493E+01   0.3640E+00  43.607
  0.3342E+02   0.8098E-04   0.2149E-03   8.056   0.2475E+01   0.3659E+00  46.908
  0.3483E+02   0.7711E-04   0.2058E-03   8.041   0.2466E+01   0.3669E+00  48.004
  0.3631E+02   0.7341E-04   0.1972E-03   8.030   0.2457E+01   0.3677E+00  48.777
  0.3784E+02   0.6986E-04   0.1890E-03   8.005   0.2448E+01   0.3688E+00  50.554
  0.3945E+02   0.6646E-04   0.1808E-03   7.979   0.2439E+01   0.3695E+00  52.553
  0.4111E+02   0.6320E-04   0.1732E-03   7.955   0.2430E+01   0.3706E+00  54.440
  0.4285E+02   0.6009E-04   0.1658E-03   7.929   0.2421E+01   0.3716E+00  56.594
  0.4467E+02   0.5710E-04   0.1585E-03   7.880   0.2403E+01   0.3734E+00  60.820
  0.4656E+02   0.5425E-04   0.1519E-03   7.855   0.2394E+01   0.3744E+00  63.163
  0.4853E+02   0.5151E-04   0.1453E-03   7.831   0.2385E+01   0.3754E+00  65.510
  0.5058E+02   0.4890E-04   0.1388E-03   7.819   0.2376E+01   0.3764E+00  66.738
  0.5272E+02   0.4640E-04   0.1328E-03   7.805   0.2367E+01   0.3774E+00  68.088
  0.5495E+02   0.4401E-04   0.1268E-03   7.782   0.2358E+01   0.3781E+00  70.562
  0.5728E+02   0.4173E-04   0.1211E-03   7.758   0.2349E+01   0.3791E+00  73.148
  0.5970E+02   0.3955E-04   0.1157E-03   7.734   0.2340E+01   0.3804E+00  75.850
  0.6223E+02   0.3747E-04   0.1104E-03   7.685   0.2322E+01   0.3823E+00  81.721
  0.6486E+02   0.3548E-04   0.1055E-03   7.662   0.2313E+01   0.3833E+00  84.629
  0.6761E+02   0.3358E-04   0.1007E-03   7.649   0.2304E+01   0.3842E+00  86.318
  0.7047E+02   0.3177E-04   0.9599E-04   7.613   0.2295E+01   0.3851E+00  91.271
  0.7345E+02   0.3004E-04   0.9163E-04   7.600   0.2286E+01   0.3864E+00  93.163
  0.7656E+02   0.2839E-04   0.8735E-04   7.566   0.2268E+01   0.3882E+00  98.160
  0.7980E+02   0.2682E-04   0.8313E-04   7.542   0.2259E+01   0.3894E+00 101.894
  0.8318E+02   0.2532E-04   0.7922E-04   7.519   0.2250E+01   0.3903E+00 105.652
  0.8670E+02   0.2390E-04   0.7535E-04   7.496   0.2241E+01   0.3915E+00 109.506
  0.9036E+02   0.2254E-04   0.7164E-04   7.471   0.2232E+01   0.3926E+00 114.007
  0.9419E+02   0.2125E-04   0.6822E-04   7.449   0.2223E+01   0.3935E+00 118.036
  0.9817E+02   0.2002E-04   0.6483E-04   7.426   0.2214E+01   0.3947E+00 122.367
  0.1023E+03   0.1885E-04   0.6167E-04   7.412   0.2205E+01   0.3958E+00 125.171
  0.1067E+03   0.1774E-04   0.5870E-04   7.380   0.2187E+01   0.3978E+00 131.709
  0.1112E+03   0.1669E-04   0.5575E-04   7.356   0.2178E+01   0.3989E+00 136.780
  0.1159E+03   0.1568E-04   0.5299E-04   7.333   0.2169E+01   0.4000E+00 141.924
  0.1208E+03   0.1473E-04   0.5031E-04   7.310   0.2160E+01   0.4011E+00 147.223
  0.1259E+03   0.1383E-04   0.4766E-04   7.287   0.2151E+01   0.4022E+00 152.773
  0.1312E+03   0.1297E-04   0.4518E-04   7.265   0.2142E+01   0.4033E+00 158.371
  0.1368E+03   0.1215E-04   0.4273E-04   7.241   0.2133E+01   0.4043E+00 164.602
  0.1426E+03   0.1138E-04   0.4036E-04   7.219   0.2124E+01   0.4057E+00 170.632
  0.1486E+03   0.1066E-04   0.3821E-04   7.197   0.2115E+01   0.4068E+00 176.744
  0.1549E+03   0.9971E-05   0.3608E-04   7.151   0.2097E+01   0.4088E+00 190.659
  0.1614E+03   0.9321E-05   0.3410E-04   7.128   0.2088E+01   0.4101E+00 198.018
  0.1683E+03   0.8707E-05   0.3230E-04   7.108   0.2079E+01   0.4112E+00 204.820
  0.1754E+03   0.8126E-05   0.3051E-04   7.094   0.2070E+01   0.4125E+00 209.466
  0.1828E+03   0.7577E-05   0.2887E-04   7.084   0.2061E+01   0.4134E+00 213.089
  0.1905E+03   0.7057E-05   0.2731E-04   7.062   0.2052E+01   0.4147E+00 220.956
  0.1986E+03   0.6566E-05   0.2576E-04   7.040   0.2043E+01   0.4160E+00 229.043
  0.2070E+03   0.6102E-05   0.2430E-04   6.997   0.2025E+01   0.4182E+00 246.566
  0.2158E+03   0.5665E-05   0.2287E-04   6.974   0.2016E+01   0.4194E+00 256.114
  0.2249E+03   0.5253E-05   0.2147E-04   6.953   0.2007E+01   0.4207E+00 265.142
  0.2344E+03   0.4866E-05   0.2015E-04   6.932   0.1998E+01   0.4219E+00 275.101
  0.2443E+03   0.4504E-05   0.1885E-04   6.910   0.1989E+01   0.4231E+00 285.493
  0.2547E+03   0.4164E-05   0.1763E-04   6.889   0.1980E+01   0.4243E+00 296.092
  0.2655E+03   0.3847E-05   0.1650E-04   6.866   0.1971E+01   0.4254E+00 307.853
  0.2767E+03   0.3550E-05   0.1540E-04   6.845   0.1962E+01   0.4269E+00 319.160
  0.2884E+03   0.3273E-05   0.1442E-04   6.824   0.1953E+01   0.4281E+00 330.599
  0.3006E+03   0.3013E-05   0.1352E-04   6.802   0.1944E+01   0.4292E+00 343.533
  0.3133E+03   0.2770E-05   0.1263E-04   6.759   0.1926E+01   0.4317E+00 370.201
  0.3266E+03   0.2542E-05   0.1186E-04   6.738   0.1917E+01   0.4331E+00 383.944
  0.3404E+03   0.2329E-05   0.1112E-04   6.729   0.1908E+01   0.4342E+00 390.201
  0.3548E+03   0.2129E-05   0.1039E-04   6.696   0.1899E+01   0.4356E+00 413.196
  0.3698E+03   0.1942E-05   0.9728E-05   6.676   0.1890E+01   0.4370E+00 428.315
  0.3855E+03   0.1767E-05   0.9079E-05   6.664   0.1881E+01   0.4383E+00 437.394
  0.4018E+03   0.1603E-05   0.8446E-05   6.655   0.1872E+01   0.4394E+00 444.496
  0.4188E+03   0.1451E-05   0.7845E-05   6.634   0.1863E+01   0.4407E+00 461.469
  0.4365E+03   0.1310E-05   0.7260E-05   6.613   0.1854E+01   0.4420E+00 478.985
  0.4550E+03   0.1179E-05   0.6701E-05   6.592   0.1845E+01   0.4433E+00 496.952
  0.4742E+03   0.1059E-05   0.6174E-05   6.572   0.1836E+01   0.4449E+00 515.375
  0.4943E+03   0.9477E-06   0.5665E-05   6.531   0.1818E+01   0.4475E+00 553.846
  0.5152E+03   0.8457E-06   0.5204E-05   6.510   0.1809E+01   0.4487E+00 575.430
  0.5370E+03   0.7520E-06   0.4774E-05   6.489   0.1800E+01   0.4502E+00 597.500
  0.5598E+03   0.6661E-06   0.4361E-05   6.470   0.1791E+01   0.4515E+00 618.578
  0.5834E+03   0.5876E-06   0.4012E-05   6.450   0.1782E+01   0.4530E+00 641.958
  0.6081E+03   0.5154E-06   0.3681E-05   6.429   0.1773E+01   0.4544E+00 667.594
  0.6339E+03   0.4491E-06   0.3367E-05   6.409   0.1764E+01   0.4556E+00 692.167
  0.6607E+03   0.3885E-06   0.3105E-05   6.389   0.1755E+01   0.4571E+00 717.437
  0.6887E+03   0.3326E-06   0.2850E-05   6.369   0.1746E+01   0.4585E+00 745.122
  0.7178E+03   0.2813E-06   0.2614E-05   6.350   0.1737E+01   0.4600E+00 771.795
  0.7482E+03   0.2343E-06   0.2405E-05   6.330   0.1728E+01   0.4614E+00 801.006
  0.7798E+03   0.1910E-06   0.2201E-05   6.310   0.1719E+01   0.4628E+00 831.085
  0.8128E+03   0.1514E-06   0.2013E-05   6.289   0.1710E+01   0.4644E+00 863.921
  0.8472E+03   0.1151E-06   0.1839E-05   6.251   0.1692E+01   0.4672E+00 928.194
  0.8831E+03   0.8202E-07   0.1671E-05   6.231   0.1683E+01   0.4688E+00 963.676
  0.9204E+03   0.5195E-07   0.1516E-05   6.221   0.1674E+01   0.4701E+00 982.627
  0.9594E+03   0.2466E-07   0.1370E-05   6.208   0.1665E+01   0.4717E+00 *******
